X	Y
650	0.381002455949783
650.482083753058	0.380916684865952
650.964167506116	0.384790569543839
651.446251259174	0.386817842721939
651.928335012232	0.388695746660233
652.41041876529	0.390374094247818
652.892502518348	0.39187952876091
653.374586271406	0.393255859613419
653.856670024464	0.394515454769135
654.338753777522	0.395631819963455
654.82083753058	0.396577447652817
655.302921283638	0.397375464439392
655.785005036696	0.398126006126404
656.267088789754	0.398982375860214
656.749172542812	0.400084257125854
657.23125629587	0.401486933231354
657.713340048928	0.40312922000885
658.195423801986	0.404864877462387
658.677507555044	0.406541526317596
659.159591308102	0.408085316419601
659.64167506116	0.409543603658676
660.123758814218	0.411058634519577
660.605842567276	0.412783116102219
661.087926320334	0.414784997701645
661.570010073392	0.416990876197815
662.05209382645	0.419205367565155
662.534177579508	0.42119637131691
663.016261332566	0.422807335853577
663.498345085624	0.424036592245102
663.980428838682	0.425039798021317
664.46251259174	0.426056027412415
664.944596344798	0.427298843860626
665.426680097856	0.428865671157837
665.908763850914	0.430693119764328
666.390847603972	0.432579308748245
666.87293135703	0.434306532144547
667.355015110088	0.435884118080139
667.837098863146	0.437733381986618
668.319182616204	0.440359115600586
668.801266369262	0.443585008382797
669.28335012232	0.446570485830307
669.765433875378	0.448675751686096
670.247517628436	0.449865609407425
670.729601381494	0.450491726398468
671.211685134552	0.450994700193405
671.69376888761	0.451740354299545
672.175852640668	0.452950537204742
672.657936393726	0.454680442810059
673.140020146784	0.456818878650665
673.622103899842	0.459129601716995
674.1041876529	0.461340188980103
674.586271405958	0.463247299194336
675.068355159016	0.464787483215332
675.550438912074	0.466035038232803
676.032522665132	0.467137485742569
676.51460641819	0.468224138021469
676.996690171248	0.4693383872509
677.478773924306	0.470429748296738
677.960857677364	0.4714075922966
678.442941430422	0.472220033407211
678.92502518348	0.472908943891525
679.407108936538	0.473601281642914
679.889192689596	0.474464058876038
680.371276442654	0.475606501102448
680.853360195712	0.477023303508759
681.33544394877	0.478592544794083
681.817527701828	0.480133771896362
682.299611454886	0.481492727994919
682.781695207944	0.482602149248123
683.263778961002	0.483492344617844
683.74586271406	0.484248906373978
684.227946467118	0.484946250915527
684.710030220176	0.485596895217896
685.192113973234	0.486145794391632
685.674197726292	0.486512809991837
686.15628147935	0.486653387546539
686.638365232408	0.486601203680038
687.120448985465	0.486465841531754
687.602532738524	0.486386328935623
688.084616491582	0.48646467924118
688.566700244639	0.486716419458389
689.048783997697	0.4870665371418
689.530867750756	0.487394005060196
690.012951503813	0.487595736980438
690.495035256871	0.487632483243942
690.97711900993	0.487530678510666
691.459202762988	0.487343013286591
691.941286516045	0.487094730138779
692.423370269103	0.486751317977905
692.905454022162	0.486230909824371
693.387537775219	0.485457271337509
693.869621528277	0.484423100948334
694.351705281335	0.483225673437119
694.833789034393	0.482051104307175
695.315872787451	0.481110036373138
695.797956540509	0.48055312037468
696.280040293567	0.48040634393692
696.762124046625	0.48055973649025
697.244207799683	0.480815082788467
697.726291552741	0.480967134237289
698.208375305799	0.480877965688705
698.690459058857	0.480510383844376
699.172542811915	0.479912787675858
699.654626564973	0.479171872138977
700.136710318031	0.478363126516342
700.618794071089	0.477528482675552
701.100877824147	0.476687401533127
701.582961577205	0.475868970155716
702.065045330263	0.475137293338776
702.547129083321	0.47459003329277
703.029212836379	0.474327266216278
703.511296589437	0.474408596754074
703.993380342495	0.474827438592911
704.475464095553	0.47552302479744
704.957547848611	0.476429581642151
705.439631601669	0.477539449930191
705.921715354727	0.478946715593338
706.403799107785	0.480848968029022
706.885882860843	0.483505249023438
707.367966613901	0.487174481153488
707.850050366959	0.492062240839005
708.332134120017	0.49831286072731
708.814217873075	0.506048142910004
709.296301626133	0.51543653011322
709.778385379191	0.526758313179016
710.260469132249	0.54043847322464
710.742552885307	0.557043075561523
711.224636638365	0.577233672142029
711.706720391423	0.60172426700592
712.188804144481	0.631232976913452
712.670887897539	0.666425883769989
713.152971650597	0.707807779312134
713.635055403655	0.755497097969055
714.117139156713	0.80881941318512
714.599222909771	0.865753054618835
715.081306662829	0.922267436981201
715.563390415887	0.972118079662323
716.045474168945	1.00775444507599
716.527557922003	1.0228443145752
717.009641675061	1.01532566547394
717.491725428119	0.988510966300964
717.973809181177	0.949211657047272
718.455892934235	0.904798448085785
718.937976687293	0.861248016357422
719.420060440351	0.822606265544891
719.902144193409	0.791222274303436
720.384227946467	0.768194437026978
720.866311699525	0.753783047199249
721.348395452583	0.747723758220673
721.830479205641	0.749435782432556
722.312562958699	0.758150100708008
722.794646711757	0.772975444793701
723.276730464815	0.792948007583618
723.758814217873	0.817079067230225
724.240897970931	0.844403922557831
724.722981723989	0.874011337757111
725.205065477047	0.905057191848755
725.687149230105	0.936703205108643
726.169232983163	0.968075752258301
726.651316736221	0.998230814933777
727.133400489279	1.02617859840393
727.615484242337	1.05096483230591
728.097567995395	1.07176828384399
728.579651748453	1.08795928955078
729.061735501511	1.09910297393799
729.543819254569	1.10490190982819
730.025903007627	1.10517179965973
730.507986760685	1.09985780715942
730.990070513743	1.08910012245178
731.472154266801	1.07329571247101
731.954238019859	1.05311381816864
732.436321772917	1.02943050861359
732.918405525975	1.00325191020966
733.400489279033	0.975607931613922
733.882573032091	0.947478652000427
734.364656785149	0.919743716716766
734.846740538207	0.893154561519623
735.328824291265	0.868330895900726
735.810908044323	0.845760583877563
736.292991797381	0.825838565826416
736.775075550439	0.808869898319244
737.257159303497	0.795068442821503
737.739243056555	0.784529268741608
738.221326809613	0.777183949947357
738.703410562671	0.772756278514862
739.185494315729	0.770732998847961
739.667578068787	0.770358383655548
740.149661821845	0.770658612251282
740.631745574903	0.770500004291534
741.113829327961	0.768699526786804
741.595913081019	0.76419460773468
742.077996834077	0.756250560283661
742.560080587135	0.744641482830048
743.042164340193	0.729714334011078
743.524248093251	0.712318003177643
744.006331846309	0.693599879741669
744.488415599367	0.674766719341278
744.970499352425	0.656874001026154
745.452583105483	0.640686392784119
745.934666858541	0.626620769500732
746.416750611599	0.614770948886871
746.898834364657	0.604990899562836
747.380918117715	0.597026467323303
747.863001870773	0.590625703334808
748.345085623831	0.585609972476959
748.827169376889	0.581879675388336
749.309253129947	0.579365372657776
749.791336883005	0.577960193157196
750.273420636063	0.577472448348999
750.755504389121	0.57762998342514
751.237588142179	0.578131496906281
751.719671895237	0.578720927238464
752.201755648295	0.579246401786804
752.683839401353	0.579675316810608
753.165923154411	0.580063462257385
753.648006907469	0.580497264862061
754.130090660527	0.581040978431702
754.612174413585	0.581713140010834
755.094258166643	0.582497537136078
755.576341919701	0.583373486995697
756.058425672759	0.584341287612915
756.540509425817	0.585425972938538
757.022593178875	0.586657524108887
757.504676931933	0.588044703006744
757.986760684991	0.589560985565186
758.468844438049	0.591157555580139
758.950928191107	0.592797636985779
759.433011944165	0.59449291229248
759.915095697223	0.596320033073425
760.397179450281	0.598395466804504
760.879263203339	0.600874781608582
761.361346956397	0.60387110710144
761.843430709455	0.607443571090698
762.325514462513	0.611613869667053
762.807598215571	0.616413474082947
763.289681968629	0.621936559677124
763.771765721687	0.628371000289917
764.253849474745	0.635991454124451
764.735933227803	0.64512836933136
765.218016980861	0.656122446060181
765.700100733919	0.669311285018921
766.182184486977	0.685047388076782
766.664268240035	0.703743815422058
767.146351993092	0.725916802883148
767.628435746151	0.752191126346588
768.110519499209	0.783271133899689
768.592603252266	0.819839000701904
769.074687005324	0.862474858760834
769.556770758383	0.91159051656723
770.03885451144	0.967419385910034
770.520938264498	1.03005361557007
771.003022017557	1.09949219226837
771.485105770614	1.17563831806183
771.967189523672	1.2582528591156
772.44927327673	1.34671902656555
772.931357029789	1.43979275226593
773.413440782846	1.53529107570648
773.895524535904	1.62987124919891
774.377608288962	1.71907079219818
774.85969204202	1.79782342910767
775.341775795078	1.86161541938782
775.823859548136	1.90786230564117
776.305943301194	1.93695163726807
776.788027054252	1.95212662220001
777.27011080731	1.9583580493927
777.752194560368	1.96092069149017
778.234278313426	1.96429657936096
778.716362066484	1.9715381860733
779.198445819542	1.98391044139862
779.6805295726	2.00064420700073
780.162613325658	2.01881885528564
780.644697078716	2.03365969657898
781.126780831774	2.0396580696106
781.608864584832	2.03252029418945
782.09094833789	2.0110068321228
782.573032090948	1.97730004787445
783.055115844006	1.93573904037476
783.537199597064	1.89104008674622
784.019283350122	1.84717428684235
784.50136710318	1.80708205699921
784.983450856238	1.77285468578339
785.465534609296	1.74601602554321
785.947618362354	1.72770619392395
786.429702115412	1.71877467632294
786.91178586847	1.71974015235901
787.393869621528	1.73071086406708
787.875953374586	1.7512983083725
788.358037127644	1.78059327602386
788.840120880702	1.8172767162323
789.32220463376	1.85988795757294
789.804288386818	1.90722572803497
790.286372139876	1.95864045619965
790.768455892934	2.01411628723145
791.250539645992	2.07394099235535
791.73262339905	2.138023853302
792.214707152108	2.20503163337708
792.696790905166	2.27164244651794
793.178874658224	2.33241510391235
793.660958411282	2.380690574646
794.14304216434	2.4107837677002
794.625125917398	2.42023730278015
795.107209670456	2.41043162345886
795.589293423514	2.3851466178894
796.071377176572	2.34854388237
796.55346092963	2.3039665222168
797.035544682688	2.25364422798157
797.517628435746	2.19887447357178
797.999712188804	2.14020943641663
798.481795941862	2.07769680023193
798.96387969492	2.01121282577515
799.445963447978	1.94085788726807
799.928047201036	1.86727166175842
800.410130954094	1.79164683818817
800.892214707152	1.71557211875916
801.37429846021	1.64066624641418
801.856382213268	1.56832122802734
802.338465966326	1.49958384037018
802.820549719384	1.43516492843628
803.302633472442	1.37551915645599
803.7847172255	1.32088506221771
804.266800978558	1.27137386798859
804.748884731616	1.22696363925934
805.230968484674	1.18752360343933
805.713052237732	1.15283036231995
806.19513599079	1.12258660793304
806.677219743848	1.09643614292145
807.159303496906	1.07398211956024
807.641387249964	1.05479514598846
808.123471003022	1.03846037387848
808.60555475608	1.02460825443268
809.087638509138	1.0129588842392
809.569722262196	1.00334668159485
810.051806015254	0.995713829994202
810.533889768312	0.990073144435883
811.01597352137	0.986448585987091
811.498057274428	0.984825253486633
811.980141027486	0.985116481781006
812.462224780544	0.987167716026306
812.944308533602	0.990786015987396
813.42639228666	0.99577784538269
813.908476039718	1.00197553634644
814.390559792776	1.00924587249756
814.872643545834	1.01749110221863
815.354727298892	1.02664482593536
815.83681105195	1.03668797016144
816.318894805008	1.04766809940338
816.800978558066	1.05971157550812
817.283062311124	1.07300746440887
817.765146064182	1.08775854110718
818.24722981724	1.10412287712097
818.729313570298	1.12214767932892
819.211397323356	1.14176154136658
819.693481076414	1.16281318664551
820.175564829472	1.18514919281006
820.65764858253	1.20868396759033
821.139732335588	1.23341286182404
821.621816088646	1.25936233997345
822.103899841704	1.28645956516266
822.585983594762	1.31444692611694
823.06806734782	1.34287440776825
823.550151100878	1.37123012542725
824.032234853936	1.39917659759521
824.514318606994	1.42678582668304
824.996402360052	1.45463836193085
825.47848611311	1.48373675346375
825.960569866168	1.51521921157837
826.442653619226	1.55005609989166
826.924737372284	1.5888078212738
827.406821125342	1.63154971599579
827.8889048784	1.67797780036926
828.370988631458	1.72763109207153
828.853072384516	1.78014278411865
829.335156137574	1.83528995513916
829.817239890632	1.89288568496704
830.29932364369	1.95246934890747
830.781407396748	2.01299977302551
831.263491149806	2.07278251647949
831.745574902864	2.12980556488037
832.227658655922	2.18242192268372
832.70974240898	2.23003435134888
833.191826162038	2.27318286895752
833.673909915096	2.31298804283142
834.155993668154	2.35017251968384
834.638077421212	2.38441824913025
835.12016117427	2.4144823551178
835.602244927328	2.43911838531494
836.084328680386	2.45823216438293
836.566412433444	2.47333455085754
837.048496186502	2.48691391944885
837.53057993956	2.50109362602234
838.012663692618	2.51642608642578
838.494747445676	2.53144645690918
838.976831198734	2.54323577880859
839.458914951792	2.54885077476501
839.94099870485	2.54688954353333
840.423082457908	2.5381383895874
840.905166210966	2.52489304542542
841.387249964024	2.5096333026886
841.869333717082	2.49409937858582
842.35141747014	2.47922468185425
842.833501223198	2.46568846702576
843.315584976256	2.45450401306152
843.797668729314	2.44717645645142
844.279752482372	2.44526195526123
844.76183623543	2.44956469535828
845.243919988488	2.45933651924133
845.726003741546	2.47187948226929
846.208087494604	2.48299360275269
846.690171247662	2.48855900764465
847.17225500072	2.48670697212219
847.654338753778	2.47912049293518
848.136422506836	2.47030806541443
848.618506259893	2.46547675132751
849.100590012951	2.46851468086243
849.58267376601	2.48087692260742
850.064757519067	2.50133156776428
850.546841272125	2.52642250061035
851.028925025184	2.55163240432739
851.511008778241	2.57315111160278
851.993092531299	2.58941292762756
852.475176284357	2.60131931304932
852.957260037415	2.61092758178711
853.439343790473	2.61959075927734
853.921427543531	2.6267716884613
854.403511296589	2.63010239601135
854.885595049647	2.6266074180603
855.367678802705	2.61433982849121
855.849762555763	2.59336113929749
856.331846308821	2.56547021865845
856.813930061879	2.53316783905029
857.296013814937	2.49880981445313
857.778097567995	2.4643828868866
858.260181321053	2.43173766136169
858.742265074111	2.40274167060852
859.224348827169	2.37914180755615
859.706432580227	2.36214065551758
860.188516333285	2.35189723968506
860.670600086343	2.34718656539917
861.152683839401	2.34546065330505
861.634767592459	2.34352135658264
862.116851345517	2.33876514434814
862.598935098575	2.33045101165771
863.081018851633	2.32012844085693
863.563102604691	2.31086277961731
864.045186357749	2.30578351020813
864.527270110807	2.30679416656494
865.009353863865	2.31388568878174
865.491437616923	2.32521557807922
865.973521369981	2.33790755271912
866.455605123039	2.349440574646
866.937688876097	2.35903334617615
867.419772629155	2.3681492805481
867.901856382213	2.37972855567932
868.383940135271	2.39663219451904
868.866023888329	2.42009925842285
869.348107641387	2.44877457618713
869.830191394445	2.47859525680542
870.312275147503	2.50390338897705
870.794358900561	2.51982188224792
871.276442653619	2.52476143836975
871.758526406677	2.52109503746033
872.240610159735	2.51342153549194
872.722693912793	2.50604724884033
873.204777665851	2.50144028663635
873.686861418909	2.50009107589722
874.168945171967	2.50127744674683
874.651028925025	2.50405931472778
875.133112678083	2.50789594650269
875.615196431141	2.51256632804871
876.097280184199	2.51750326156616
876.579363937257	2.52108597755432
877.061447690315	2.52052307128906
877.543531443373	2.51270651817322
878.025615196431	2.49568367004395
878.507698949489	2.46963810920715
878.989782702547	2.43640375137329
879.471866455605	2.39784622192383
879.953950208663	2.35428762435913
880.436033961721	2.30407023429871
880.918117714779	2.24454951286316
881.400201467837	2.17398262023926
881.882285220895	2.0930438041687
882.364368973953	2.00486874580383
882.846452727011	1.91372430324554
883.328536480069	1.82361245155334
883.810620233127	1.73741638660431
884.292703986185	1.65679323673248
884.774787739243	1.58243072032928
885.256871492301	1.51439440250397
885.738955245359	1.45243918895721
886.221038998417	1.39619445800781
886.703122751475	1.34533023834229
887.185206504533	1.29956591129303
887.667290257591	1.25866007804871
888.149374010649	1.22236061096191
888.631457763707	1.19035363197327
889.113541516765	1.16223669052124
889.595625269823	1.13750469684601
890.077709022881	1.11559331417084
890.559792775939	1.0958925485611
891.041876528997	1.07777035236359
891.523960282055	1.06058466434479
892.006044035113	1.04370486736298
892.488127788171	1.02656006813049
892.970211541229	1.00872588157654
893.452295294287	0.990012228488922
893.934379047345	0.970547497272491
894.416462800403	0.950774788856506
894.898546553461	0.931386053562164
895.380630306519	0.913201510906219
895.862714059577	0.897044718265533
896.344797812635	0.883651793003082
896.826881565693	0.873640179634094
897.308965318751	0.867558181285858
897.791049071809	0.865959346294403
898.273132824867	0.869482159614563
898.755216577925	0.87888377904892
899.237300330983	0.895002067089081
899.719384084041	0.918645679950714
900.201467837099	0.95042622089386
900.683551590157	0.990577280521393
901.165635343215	1.03870177268982
901.647719096273	1.09349274635315
902.129802849331	1.15232181549072
902.611886602389	1.21072971820831
903.093970355447	1.26206648349762
903.576054108505	1.29797184467316
904.058137861563	1.31056237220764
904.540221614621	1.29587948322296
905.022305367679	1.2561023235321
905.504389120737	1.19824421405792
905.986472873795	1.13071727752686
906.468556626853	1.06065917015076
906.950640379911	0.993036329746246
907.432724132969	0.930856645107269
907.914807886027	0.875651359558105
908.396891639085	0.827975869178772
908.878975392143	0.787716925144196
909.361059145201	0.754353582859039
909.843142898259	0.727156698703766
910.325226651317	0.705340802669525
910.807310404375	0.688166081905365
911.289394157433	0.674975454807281
911.771477910491	0.665208518505096
912.253561663549	0.658371031284332
912.735645416607	0.654017329216003
913.217729169665	0.651745498180389
913.699812922723	0.651207983493805
914.181896675781	0.652125716209412
914.663980428839	0.654292702674866
915.146064181897	0.65756368637085
915.628147934955	0.661831736564636
916.110231688013	0.667008221149445
916.592315441071	0.673017382621765
917.074399194129	0.67980819940567
917.556482947187	0.687374353408813
918.038566700245	0.695767283439636
918.520650453303	0.705096065998077
919.002734206361	0.715498685836792
919.484817959419	0.727115333080292
919.966901712477	0.740065693855286
920.448985465535	0.754447460174561
920.931069218593	0.770354866981506
921.413152971651	0.787900686264038
921.895236724709	0.807237863540649
922.377320477767	0.828535199165344
922.859404230825	0.851952433586121
923.341487983883	0.877597391605377
923.82357173694	0.905498087406158
924.305655489999	0.935598373413086
924.787739243057	0.967774748802185
925.269822996114	1.0018492937088
925.751906749173	1.03760588169098
926.233990502231	1.07473540306091
926.716074255289	1.11280930042267
927.198158008347	1.15124809741974
927.680241761404	1.18934369087219
928.162325514463	1.22634387016296
928.64440926752	1.26157438755035
929.126493020578	1.29457402229309
929.608576773637	1.32513010501862
930.090660526694	1.35328233242035
930.572744279752	1.37925136089325
931.054828032811	1.40336787700653
931.536911785868	1.42602837085724
932.018995538926	1.44767892360687
932.501079291985	1.46881151199341
932.983163045042	1.48989462852478
933.4652467981	1.51128089427948
933.947330551158	1.5330730676651
934.429414304216	1.55502223968506
934.911498057274	1.57651841640472
935.393581810332	1.59670984745026
935.87566556339	1.6147198677063
936.357749316448	1.62987697124481
936.839833069506	1.64179718494415
937.321916822564	1.65029609203339
937.804000575622	1.65514671802521
938.28608432868	1.65584933757782
938.768168081738	1.65157616138458
939.250251834796	1.64137411117554
939.732335587854	1.6245493888855
940.214419340912	1.60104978084564
940.69650309397	1.57160210609436
941.178586847028	1.53755044937134
941.660670600086	1.50050294399261
942.142754353144	1.46197867393494
942.624838106202	1.42318534851074
943.10692185926	1.3849595785141
943.589005612318	1.34779715538025
944.071089365376	1.31197714805603
944.553173118434	1.27763509750366
945.035256871492	1.24482405185699
945.51734062455	1.21353363990784
945.999424377608	1.18368744850159
946.481508130666	1.15514469146729
946.963591883724	1.12770318984985
947.445675636782	1.10115969181061
947.92775938984	1.07534396648407
948.409843142898	1.05015850067139
948.891926895956	1.02558588981628
949.374010649014	1.00166285037994
949.856094402072	0.97843462228775
950.33817815513	0.955915093421936
950.820261908188	0.934059381484985
951.302345661246	0.912798941135406
951.784429414304	0.89207512140274
952.266513167362	0.871890485286713
952.74859692042	0.852334141731262
953.230680673478	0.833570003509521
953.712764426536	0.81579452753067
954.194848179594	0.799170076847076
954.676931932652	0.783792555332184
955.15901568571	0.769669950008392
955.641099438768	0.756745517253876
956.123183191826	0.744939982891083
956.605266944884	0.734190940856934
957.087350697942	0.724471807479858
957.569434451	0.715781509876251
958.051518204058	0.708127319812775
958.533601957116	0.701502680778503
959.015685710174	0.695889949798584
959.497769463232	0.691284120082855
959.97985321629	0.687726438045502
960.461936969348	0.685327708721161
960.944020722406	0.68426650762558
961.426104475464	0.684760451316833
961.908188228522	0.687025129795074
962.39027198158	0.691239356994629
962.872355734638	0.697536408901215
963.354439487696	0.706021666526794
963.836523240754	0.716805517673492
964.318606993812	0.730026304721832
964.80069074687	0.74585747718811
965.282774499928	0.764468729496002
965.764858252986	0.785985827445984
966.246942006044	0.810444593429565
966.729025759102	0.83776468038559
967.21110951216	0.867743611335754
967.693193265218	0.90006011724472
968.175277018276	0.934262573719025
968.657360771334	0.969757735729218
969.139444524392	1.00574517250061
969.62152827745	1.04120802879333
970.103612030508	1.0749374628067
970.585695783566	1.10563719272614
971.067779536624	1.13209652900696
971.549863289682	1.15337932109833
972.03194704274	1.16897809505463
972.514030795798	1.17884433269501
972.996114548856	1.18334460258484
973.478198301914	1.18313837051392
973.960282054972	1.17904722690582
974.44236580803	1.17194664478302
974.924449561088	1.16269195079803
975.406533314146	1.15206563472748
975.888617067204	1.14072811603546
976.370700820262	1.12918484210968
976.85278457332	1.11775302886963
977.334868326378	1.10656034946442
977.816952079436	1.09557819366455
978.299035832494	1.0846883058548
978.781119585552	1.07376444339752
979.26320333861	1.06273376941681
979.745287091668	1.05161690711975
980.227370844726	1.04051196575165
980.709454597784	1.02955973148346
981.191538350842	1.01890575885773
981.6736221039	1.00868463516235
982.155705856958	0.99903416633606
982.637789610016	0.990122318267822
983.119873363074	0.982179880142212
983.601957116132	0.975494265556335
984.08404086919	0.970374464988708
984.566124622248	0.967091381549835
985.048208375306	0.965821802616119
985.530292128364	0.966621696949005
986.012375881422	0.969445288181305
986.49445963448	0.974204003810883
986.976543387538	0.980835795402527
987.458627140596	0.989357829093933
987.940710893654	0.999875247478485
988.422794646712	1.01255261898041
988.90487839977	1.02755725383759
989.386962152828	1.04501760005951
989.869045905886	1.06501471996307
990.351129658944	1.08761250972748
990.833213412002	1.11290693283081
991.31529716506	1.14105522632599
991.797380918118	1.17230069637299
992.279464671176	1.2068829536438
992.761548424234	1.24498736858368
993.243632177292	1.28666722774506
993.72571593035	1.3318110704422
994.207799683408	1.38016545772552
994.689883436466	1.43140482902527
995.171967189524	1.48522233963013
995.654050942582	1.54140520095825
996.13613469564	1.59987044334412
996.618218448698	1.66065526008606
997.100302201756	1.72387945652008
997.582385954814	1.78970050811768
998.064469707872	1.85827147960663
998.54655346093	1.92966461181641
999.028637213988	2.00382113456726
999.510720967046	2.08021855354309
999.992804720104	2.15760350227356
1000.47488847316	2.2336311340332
1000.95697222622	2.30478096008301
1001.43905597928	2.3669126033783
1001.92113973234	2.41663551330566
1002.40322348539	2.45295095443726
1002.88530723845	2.47797107696533
1003.36739099151	2.49602723121643
1003.84947474457	2.51182198524475
1004.33155849763	2.52882742881775
1004.81364225068	2.54854083061218
1005.29572600374	2.57053112983704
1005.7778097568	2.59299397468567
1006.25989350986	2.61357760429382
1006.74197726292	2.63011813163757
1007.22406101597	2.64113473892212
1007.70614476903	2.64591884613037
1008.18822852209	2.64446234703064
1008.67031227515	2.63750433921814
1009.15239602821	2.62673616409302
1009.63447978126	2.61489105224609
1010.11656353432	2.60543656349182
1010.59864728738	2.60185241699219
1011.08073104044	2.60671091079712
1011.5628147935	2.62074828147888
1012.04489854655	2.64203715324402
1012.52698229961	2.66551065444946
1013.00906605267	2.68357253074646
1013.49114980573	2.68854451179504
1013.97323355879	2.67647242546082
1014.45531731184	2.64921236038208
1014.9374010649	2.61257767677307
1015.41948481796	2.57237482070923
1015.90156857102	2.53160357475281
1016.38365232408	2.48995471000671
1016.86573607713	2.44505643844604
1017.34781983019	2.39454817771912
1017.82990358325	2.33790445327759
1018.31198733631	2.27698707580566
1018.79407108937	2.21514487266541
1019.27615484242	2.15581655502319
1019.75823859548	2.10135054588318
1020.24032234854	2.05255770683289
1020.7224061016	2.00894069671631
1021.20448985466	1.96912622451782
1021.68657360771	1.93151021003723
1022.16865736077	1.89484739303589
1022.65074111383	1.85861277580261
1023.13282486689	1.82302522659302
1023.61490861995	1.78877377510071
1024.096992373	1.7566157579422
1024.57907612606	1.72703838348389
1025.06115987912	1.70009076595306
1025.54324363218	1.67539513111115
1026.02532738524	1.65227603912354
1026.50741113829	1.62993395328522
1026.98949489135	1.60760271549225
1027.47157864441	1.58462524414063
1027.95366239747	1.56052827835083
1028.43574615053	1.5350090265274
1028.91782990358	1.50793969631195
1029.39991365664	1.47936797142029
1029.8819974097	1.44950664043427
1030.36408116276	1.41869258880615
1030.84616491582	1.3873119354248
1031.32824866887	1.35570538043976
1031.81033242193	1.32409191131592
1032.29241617499	1.2925443649292
1032.77449992805	1.26102948188782
1033.25658368111	1.22949612140656
1033.73866743416	1.19796872138977
1034.22075118722	1.16661107540131
1034.70283494028	1.13568949699402
1035.18491869334	1.10555553436279
1035.6670024464	1.07652950286865
1036.14908619945	1.04883980751038
1036.63116995251	1.02260005474091
1037.11325370557	0.997833371162415
1037.59533745863	0.974519431591034
1038.07742121169	0.952638447284698
1038.55950496474	0.932187914848328
1039.0415887178	0.913170635700226
1039.52367247086	0.895567178726196
1040.00575622392	0.879314005374908
1040.48783997698	0.864303469657898
1040.96992373003	0.850404918193817
1041.45200748309	0.83749908208847
1041.93409123615	0.82548862695694
1042.41617498921	0.814320981502533
1042.89825874227	0.80396169424057
1043.38034249532	0.79437643289566
1043.86242624838	0.785518050193787
1044.34451000144	0.777329623699188
1044.8265937545	0.769759893417358
1045.30867750756	0.762779116630554
1045.79076126061	0.756382644176483
1046.27284501367	0.750577449798584
1046.75492876673	0.745357513427734
1047.23701251979	0.740684866905212
1047.71909627285	0.736487805843353
1048.2011800259	0.732682764530182
1048.68326377896	0.729209125041962
1049.16534753202	0.726055860519409
1049.64743128508	0.723276317119598
1050.12951503813	0.720964014530182
1050.61159879119	0.71921968460083
1051.09368254425	0.718114256858826
1051.57576629731	0.717670857906342
1052.05785005037	0.717873871326447
1052.53993380342	0.718699872493744
1053.02201755648	0.720152616500854
1053.50410130954	0.722285687923431
1053.9861850626	0.725202202796936
1054.46826881566	0.729034841060638
1054.95035256871	0.733919084072113
1055.43243632177	0.739971816539764
1055.91452007483	0.747293531894684
1056.39660382789	0.755967378616333
1056.87868758095	0.766075909137726
1057.360771334	0.777702987194061
1057.84285508706	0.790927350521088
1058.32493884012	0.805811882019043
1058.80702259318	0.822399497032166
1059.28910634624	0.840721905231476
1059.77119009929	0.860820651054382
1060.25327385235	0.882769346237183
1060.73535760541	0.90668648481369
1061.21744135847	0.932733654975891
1061.69952511153	0.961106479167938
1062.18160886458	0.992030262947083
1062.66369261764	1.02576541900635
1063.1457763707	1.06267178058624
1063.62786012376	1.10319185256958
1064.10994387682	1.14789366722107
1064.59202762987	1.19742953777313
1065.07411138293	1.25245571136475
1065.55619513599	1.31352257728577
1066.03827888905	1.38097131252289
1066.52036264211	1.45487582683563
1067.00244639516	1.53505849838257
1067.48453014822	1.62116837501526
1067.96661390128	1.71277725696564
1068.44869765434	1.80940449237823
1068.9307814074	1.91038143634796
1069.41286516045	2.01449680328369
1069.89494891351	2.11944341659546
1070.37703266657	2.2214367389679
1070.85911641963	2.31509113311768
1071.34120017269	2.39463520050049
1071.82328392574	2.45608353614807
1072.3053676788	2.49926471710205
1072.78745143186	2.52796936035156
1073.26953518492	2.54815077781677
1073.75161893798	2.56580495834351
1074.23370269103	2.58581447601318
1074.71578644409	2.61172032356262
1075.19787019715	2.64576053619385
1075.67995395021	2.68858456611633
1076.16203770327	2.73832845687866
1076.64412145632	2.78914999961853
1077.12620520938	2.83031916618347
1077.60828896244	2.84868550300598
1078.0903727155	2.83610010147095
1078.57245646856	2.79622602462769
1079.05454022161	2.74202513694763
1079.53662397467	2.68732166290283
1080.01870772773	2.64149856567383
1080.50079148079	2.60892128944397
1080.98287523385	2.59026551246643
1081.4649589869	2.58384561538696
1081.94704273996	2.58665370941162
1082.42912649302	2.5951726436615
1082.91121024608	2.60599637031555
1083.39329399914	2.61614942550659
1083.87537775219	2.62307167053223
1084.35746150525	2.62451219558716
1084.83954525831	2.61877989768982
1085.32162901137	2.60551238059998
1085.80371276443	2.58649897575378
1086.28579651748	2.56574130058289
1086.76788027054	2.54851460456848
1087.2499640236	2.5399649143219
1087.73204777666	2.54386401176453
1088.21413152972	2.56163692474365
1088.69621528277	2.59138059616089
1089.17829903583	2.62676024436951
1089.66038278889	2.65660786628723
1090.14246654195	2.66747117042542
1090.62455029501	2.65036392211914
1091.10663404806	2.60677170753479
1091.58871780112	2.54676365852356
1092.07080155418	2.48160171508789
1092.55288530724	2.41881370544434
1093.0349690603	2.3613293170929
1093.51705281335	2.30868458747864
1093.99913656641	2.25854849815369
1094.48122031947	2.20809197425842
1094.96330407253	2.15508794784546
1095.44538782559	2.09858751296997
1095.92747157864	2.03903746604919
1096.4095553317	1.97790575027466
1096.89163908476	1.91707897186279
1097.37372283782	1.85831296443939
1097.85580659088	1.80288934707642
1098.33789034393	1.75148892402649
1098.81997409699	1.70423686504364
1099.30205785005	1.66078531742096
1099.78414160311	1.62055325508118
1100.26622535617	1.58285820484161
1100.74830910922	1.54708850383759
1101.23039286228	1.51281476020813
1101.71247661534	1.47983431816101
1102.1945603684	1.44814705848694
1102.67664412146	1.4178831577301
1103.15872787451	1.38921725749969
1103.64081162757	1.362300157547
1104.12289538063	1.33722591400146
1104.60497913369	1.31403744220734
1105.08706288675	1.29275894165039
1105.5691466398	1.2734432220459
1106.05123039286	1.2561821937561
1106.53331414592	1.24113869667053
1107.01539789898	1.22849786281586
1107.49748165204	1.21842336654663
1107.97956540509	1.21100735664368
1108.46164915815	1.20624172687531
1108.94373291121	1.20402491092682
1109.42581666427	1.2042031288147
1109.90790041733	1.20662665367126
1110.38998417038	1.21118831634521
1110.87206792344	1.21782004833221
1111.3541516765	1.226438164711
1111.83623542956	1.23686158657074
1112.31831918262	1.24872982501984
1112.80040293567	1.26146996021271
1113.28248668873	1.27434802055359
1113.76457044179	1.2865537405014
1114.24665419485	1.29734015464783
1114.72873794791	1.30612313747406
1115.21082170096	1.31251907348633
1115.69290545402	1.3163138628006
1116.17498920708	1.31739568710327
1116.65707296014	1.31569671630859
1117.1391567132	1.3111789226532
1117.62124046625	1.30386662483215
1118.10332421931	1.29389679431915
1118.58540797237	1.28155338764191
1119.06749172543	1.26725625991821
1119.54957547849	1.25150680541992
1120.03165923154	1.23481369018555
1120.5137429846	1.21760642528534
1120.99582673766	1.20022082328796
1121.47791049072	1.18288433551788
1121.95999424378	1.16574966907501
1122.44207799683	1.14893519878387
1122.92416174989	1.13255488872528
1123.40624550295	1.11672866344452
1123.88832925601	1.10157787799835
1124.37041300907	1.08721399307251
1124.85249676212	1.07373332977295
1125.33458051518	1.06121861934662
1125.81666426824	1.04974639415741
1126.2987480213	1.03938782215118
1126.78083177436	1.03019869327545
1127.26291552741	1.02220177650452
1127.74499928047	1.01536118984222
1128.22708303353	1.0095899105072
1128.70916678659	1.0047595500946
1129.19125053965	1.00073826313019
1129.6733342927	0.997428953647614
1130.15541804576	0.994793295860291
1130.63750179882	0.992849946022034
1131.11958555188	0.991649508476257
1131.60166930494	0.991239845752716
1132.08375305799	0.991641104221344
1132.56583681105	0.992841303348541
1133.04792056411	0.994813084602356
1133.53000431717	0.997537970542908
1134.01208807023	1.0010222196579
1134.49417182328	1.00529205799103
1134.97625557634	1.01037812232971
1135.4583393294	1.01628589630127
1135.94042308246	1.02299129962921
1136.42250683552	1.03045511245728
1136.90459058857	1.03865587711334
1137.38667434163	1.04762554168701
1137.86875809469	1.05746412277222
1138.35084184775	1.06832551956177
1138.83292560081	1.08037877082825
1139.31500935386	1.09376549720764
1139.79709310692	1.10857439041138
1140.27917685998	1.12484884262085
1140.76126061304	1.14262115955353
1141.2433443661	1.16195368766785
1141.72542811915	1.18295395374298
1142.20751187221	1.20577728748322
1142.68959562527	1.23055386543274
1143.17167937833	1.25734257698059
1143.65376313139	1.28609025478363
1144.13584688444	1.31663656234741
1144.6179306375	1.34876644611359
1145.10001439056	1.38228714466095
1145.58209814362	1.41709566116333
1146.06418189668	1.45320892333984
1146.54626564973	1.4907466173172
1147.02834940279	1.52988302707672
1147.51043315585	1.57079911231995
1147.99251690891	1.61365914344788
1148.47460066197	1.65860712528229
1148.95668441502	1.70582950115204
1149.43876816808	1.75548660755157
1149.92085192114	1.80770576000214
1150.4029356742	1.86247253417969
1150.88501942726	1.91951417922974
1151.36710318031	1.97821462154388
1151.84918693337	2.03761577606201
1152.33127068643	2.09653162956238
1152.81335443949	2.15375542640686
1153.29543819255	2.20828890800476
1153.7775219456	2.25949716567993
1154.25960569866	2.30711698532104
1154.74168945172	2.35113382339478
1155.22377320478	2.39160752296448
1155.70585695784	2.42853903770447
1156.18794071089	2.46188473701477
1156.67002446395	2.49157214164734
1157.15210821701	2.51763725280762
1157.63419197007	2.54028820991516
1158.11627572313	2.55992007255554
1158.59835947618	2.57705950737
1159.08044322924	2.59224128723145
1159.5625269823	2.60581970214844
1160.04461073536	2.61775255203247
1160.52669448842	2.62745118141174
1161.00877824147	2.63383483886719
1161.49086199453	2.63571500778198
1161.97294574759	2.63246464729309
1162.45502950065	2.6246645450592
1162.93711325371	2.61429309844971
1163.41919700676	2.60424041748047
1163.90128075982	2.59740328788757
1164.38336451288	2.59572410583496
1164.86544826594	2.59948801994324
1165.347532019	2.60699796676636
1165.82961577205	2.61478066444397
1166.31169952511	2.61853790283203
1166.79378327817	2.61479115486145
1167.27586703123	2.6024386882782
1167.75795078429	2.58309268951416
1168.24003453734	2.55989837646484
1168.7221182904	2.53576588630676
1169.20420204346	2.51213312149048
1169.68628579652	2.48870205879211
1170.16836954958	2.46402668952942
1170.65045330263	2.43654537200928
1171.13253705569	2.40561890602112
1171.61462080875	2.37192034721375
1172.09670456181	2.33709359169006
1172.57878831487	2.30295562744141
1173.06087206792	2.27077507972717
1173.54295582098	2.24087572097778
1174.02503957404	2.21274328231812
1174.5071233271	2.1854076385498
1174.98920708016	2.15796732902527
1175.47129083321	2.13002753257751
1175.95337458627	2.1018705368042
1176.43545833933	2.07431840896606
1176.91754209239	2.04840898513794
1177.39962584545	2.02506566047668
1177.8817095985	2.00485777854919
1178.36379335156	1.98797631263733
1178.84587710462	1.97428679466248
1179.32796085768	1.96348226070404
1179.81004461074	1.95523953437805
1180.29212836379	1.94933140277863
1180.77421211685	1.94567406177521
1181.25629586991	1.94431793689728
1181.73837962297	1.94541323184967
1182.22046337603	1.94917941093445
1182.70254712908	1.95589101314545
1183.18463088214	1.96587157249451
1183.6667146352	1.97947251796722
1184.14879838826	1.99702119827271
1184.63088214132	2.01873207092285
1185.11296589437	2.04461789131165
1185.59504964743	2.07438850402832
1186.07713340049	2.10744333267212
1186.55921715355	2.1429123878479
1187.04130090661	2.17976450920105
1187.52338465966	2.2169361114502
1188.00546841272	2.25343775749207
1188.48755216578	2.28841662406921
1188.96963591884	2.32120084762573
1189.4517196719	2.35136485099792
1189.93380342495	2.37883424758911
1190.41588717801	2.40398502349854
1190.89797093107	2.42765092849731
1191.38005468413	2.45097661018372
1191.86213843719	2.47516965866089
1192.34422219024	2.50115990638733
1192.8263059433	2.52938747406006
1193.30838969636	2.55970358848572
1193.79047344942	2.59142827987671
1194.27255720248	2.62349820137024
1194.75464095553	2.65459537506104
1195.23672470859	2.68317317962646
1195.71880846165	2.70741105079651
1196.20089221471	2.72529602050781
1196.68297596777	2.73506474494934
1197.16505972082	2.73599481582642
1197.64714347388	2.72909259796143
1198.12922722694	2.7170832157135
1198.61131098	2.70356440544128
1199.09339473305	2.69177031517029
1199.57547848611	2.68358111381531
1200.05756223917	2.67899680137634
1200.53964599223	2.67618227005005
1201.02172974529	2.67209672927856
1201.50381349835	2.6636438369751
1201.9858972514	2.64894938468933
1202.46798100446	2.62803959846497
1202.95006475752	2.60246443748474
1203.43214851058	2.57417845726013
1203.91423226364	2.54446625709534
1204.39631601669	2.51346468925476
1204.87839976975	2.48041009902954
1205.36048352281	2.44434928894043
1205.84256727587	2.40491509437561
1206.32465102893	2.36268448829651
1206.80673478198	2.31907749176025
1207.28881853504	2.27577352523804
1207.7709022881	2.23412799835205
1208.25298604116	2.19478964805603
1208.73506979421	2.15761041641235
1209.21715354727	2.12181830406189
1209.69923730033	2.08637523651123
1210.18132105339	2.05040049552917
1210.66340480645	2.01352882385254
1211.1454885595	1.97606921195984
1211.62757231256	1.93892812728882
1212.10965606562	1.90334558486938
1212.59173981868	1.87056696414948
1213.07382357174	1.84156823158264
1213.5559073248	1.816859126091
1214.03799107785	1.79648220539093
1214.52007483091	1.78004455566406
1215.00215858397	1.76685857772827
1215.48424233703	1.75610971450806
1215.96632609008	1.74702250957489
1216.44840984314	1.73898828029633
1216.9304935962	1.73162472248077
1217.41257734926	1.72475707530975
1217.89466110232	1.71833670139313
1218.37674485537	1.71233761310577
1218.85882860843	1.70667552947998
1219.34091236149	1.70117557048798
1219.82299611455	1.69559490680695
1220.30507986761	1.68967866897583
1220.78716362066	1.68321204185486
1221.26924737372	1.6760596036911
1221.75133112678	1.6681547164917
1222.23341487984	1.65947234630585
1222.7154986329	1.65000450611115
1223.19758238595	1.63975822925568
1223.67966613901	1.6287796497345
1224.16174989207	1.61718618869781
1224.64383364513	1.60517859458923
1225.12591739819	1.59302031993866
1225.60800115124	1.58098840713501
1226.0900849043	1.56932210922241
1226.57216865736	1.5581967830658
1227.05425241042	1.54773509502411
1227.53633616348	1.53805315494537
1228.01841991653	1.52929902076721
1228.50050366959	1.52169132232666
1228.98258742265	1.51548945903778
1229.46467117571	1.5109326839447
1229.94675492877	1.50815570354462
1230.42883868182	1.50711941719055
1230.91092243488	1.5075888633728
1231.39300618794	1.50917947292328
1231.875089941	1.5114711523056
1232.35717369406	1.5141544342041
1232.83925744711	1.51715493202209
1233.32134120017	1.520676612854
1233.80342495323	1.52514088153839
1234.28550870629	1.53104794025421
1234.76759245935	1.53881311416626
1235.2496762124	1.54865300655365
1235.73175996546	1.56053841114044
1236.21384371852	1.57425558567047
1236.69592747158	1.58952379226685
1237.17801122464	1.60612523555756
1237.66009497769	1.62398111820221
1238.14217873075	1.64313924312592
1238.62426248381	1.66368460655212
1239.10634623687	1.68562579154968
1239.58842998993	1.70882642269135
1240.07051374298	1.73302590847015
1240.55259749604	1.7579482793808
1241.0346812491	1.78344225883484
1241.51676500216	1.80956435203552
1241.99884875522	1.83658218383789
1242.48093250827	1.86480712890625
1242.96301626133	1.89444768428802
1243.44510001439	1.92548799514771
1243.92718376745	1.95770514011383
1244.40926752051	1.99083387851715
1244.89135127356	2.02481055259705
1245.37343502662	2.0599672794342
1245.85551877968	2.09706234931946
1246.33760253274	2.13710975646973
1246.8196862858	2.18107390403748
1247.30177003885	2.22954893112183
1247.78385379191	2.28252863883972
1248.26593754497	2.33932709693909
1248.74802129803	2.39863538742065
1249.23010505109	2.45875358581543
1249.71218880414	2.51769971847534
1250.1942725572	2.57343816757202
1250.67635631026	2.62403869628906
1251.15844006332	2.66794586181641
1251.64052381638	2.70437502861023
1252.12260756943	2.73364734649658
1252.60469132249	2.75713467597961
1253.08677507555	2.77664232254028
1253.56885882861	2.79344248771667
1254.05094258167	2.80742883682251
1254.53302633472	2.81689047813416
1255.01511008778	2.81922030448914
1255.49719384084	2.81242609024048
1255.9792775939	2.79659652709961
1256.46136134696	2.77420282363892
1256.94344510001	2.74907898902893
1257.42552885307	2.72488403320313
1257.90761260613	2.70407819747925
1258.38969635919	2.68770909309387
1258.87178011225	2.67580199241638
1259.3538638653	2.66801953315735
1259.83594761836	2.66424942016602
1260.31803137142	2.66486763954163
1260.80011512448	2.67058539390564
1261.28219887754	2.6820056438446
1261.76428263059	2.69916033744812
1262.24636638365	2.72129344940186
1262.72845013671	2.74707078933716
1263.21053388977	2.77520322799683
1263.69261764283	2.80525612831116
1264.17470139588	2.83803558349609
1264.65678514894	2.87525725364685
1265.138868902	2.91835045814514
1265.62095265506	2.96659469604492
1266.10303640812	3.01566529273987
1266.58512016117	3.05642127990723
1267.06720391423	3.07715463638306
1267.54928766729	3.06982660293579
1268.03137142035	3.03588581085205
1268.51345517341	2.98492288589478
1268.99553892646	2.9280903339386
1269.47762267952	2.87348198890686
1269.95970643258	2.82555055618286
1270.44179018564	2.78648161888123
1270.9238739387	2.75762581825256
1271.40595769175	2.7404420375824
1271.88804144481	2.73669099807739
1272.37012519787	2.7481849193573
1272.85220895093	2.77619767189026
1273.33429270399	2.82059144973755
1273.81637645704	2.87857246398926
1274.2984602101	2.94313836097717
1274.78054396316	3.002192735672
1275.26262771622	3.04098439216614
1275.74471146928	3.04962158203125
1276.22679522233	3.02995204925537
1276.70887897539	2.99316000938416
1277.19096272845	2.95129227638245
1277.67304648151	2.91195106506348
1278.15513023457	2.87790274620056
1278.63721398762	2.848881483078
1279.11929774068	2.82338929176331
1279.60138149374	2.79996991157532
1280.0834652468	2.77777481079102
1280.56554899986	2.75656795501709
1281.04763275291	2.73649072647095
1281.52971650597	2.71789884567261
1282.01180025903	2.70138955116272
1282.49388401209	2.68789720535278
1282.97596776515	2.67865681648254
1283.4580515182	2.67491888999939
1283.94013527126	2.67746782302856
1284.42221902432	2.68611001968384
1284.90430277738	2.69937038421631
1285.38638653044	2.71461987495422
1285.86847028349	2.72887945175171
1286.35055403655	2.74015593528748
1286.83263778961	2.74863171577454
1287.31472154267	2.7568187713623
1287.79680529573	2.76846027374268
1288.27888904878	2.78685474395752
1288.76097280184	2.81339979171753
1289.2430565549	2.84675216674805
1289.72514030796	2.88283634185791
1290.20722406102	2.91605615615845
1290.68930781407	2.94175696372986
1291.17139156713	2.95867156982422
1291.65347532019	2.96923232078552
1292.13555907325	2.97723412513733
1292.61764282631	2.98463940620422
1293.09972657936	2.98967790603638
1293.58181033242	2.98731017112732
1294.06389408548	2.97226595878601
1294.54597783854	2.94307279586792
1295.0280615916	2.90372037887573
1295.51014534465	2.861487865448
1295.99222909771	2.8233904838562
1296.47431285077	2.79402160644531
1296.95639660383	2.7752845287323
1297.43848035689	2.76705956459045
1297.92056410994	2.76824069023132
1298.402647863	2.77771520614624
1298.88473161606	2.7949960231781
1299.36681536912	2.82026600837708
1299.84889912218	2.85367584228516
1300.33098287523	2.89414381980896
1300.81306662829	2.93802261352539
1301.29515038135	2.97850012779236
1301.77723413441	3.00707030296326
1302.25931788747	3.01765847206116
1302.74140164052	3.01072907447815
1303.22348539358	2.99300789833069
1303.70556914664	2.97298550605774
1304.1876528997	2.95655608177185
1304.66973665276	2.94526314735413
1305.15182040581	2.93672943115234
1305.63390415887	2.92645645141602
1306.11598791193	2.91042971611023
1306.59807166499	2.88739037513733
1307.08015541805	2.85939431190491
1307.5622391711	2.83037519454956
1308.04432292416	2.80412626266479
1308.52640667722	2.78303050994873
1309.00849043028	2.76784777641296
1309.49057418334	2.75818729400635
1309.97265793639	2.75319719314575
1310.45474168945	2.75208950042725
1310.93682544251	2.75428152084351
1311.41890919557	2.75915765762329
1311.90099294863	2.76569437980652
1312.38307670168	2.77231645584106
1312.86516045474	2.77726054191589
1313.3472442078	2.77938842773438
1313.82932796086	2.77893447875977
1314.31141171392	2.77754163742065
1314.79349546697	2.77743363380432
1315.27557922003	2.78017115592957
1315.75766297309	2.7856605052948
1316.23974672615	2.79190373420715
1316.72183047921	2.79579138755798
1317.20391423226	2.79487729072571
1317.68599798532	2.78928399085999
1318.16808173838	2.78236961364746
1318.65016549144	2.77961564064026
1319.1322492445	2.7866222858429
1319.61433299755	2.80734634399414
1320.09641675061	2.8428680896759
1320.57850050367	2.89032411575317
1321.06058425673	2.94195151329041
1321.54266800979	2.98509907722473
1322.02475176284	3.00583696365356
1322.5068355159	2.99636793136597
1322.98891926896	2.95996928215027
1323.47100302202	2.90742778778076
1323.95308677508	2.84966516494751
1324.43517052813	2.7937376499176
1324.91725428119	2.74271035194397
1325.39933803425	2.6968879699707
1325.88142178731	2.65491557121277
1326.36350554037	2.61446452140808
1326.84558929342	2.57270956039429
1327.32767304648	2.52687788009644
1327.80975679954	2.47489047050476
1328.2918405526	2.41605877876282
1328.77392430566	2.35121512413025
1329.25600805871	2.28229260444641
1329.73809181177	2.21155548095703
1330.22017556483	2.14093351364136
1330.70225931789	2.07171082496643
1331.18434307095	2.00454640388489
1331.666426824	1.93967354297638
1332.14851057706	1.87712371349335
1332.63059433012	1.8168888092041
1333.11267808318	1.75899469852448
1333.59476183624	1.70350742340088
1334.07684558929	1.65050947666168
1334.55892934235	1.60008680820465
1335.04101309541	1.55226039886475
1335.52309684847	1.50704514980316
1336.00518060153	1.46438610553741
1336.48726435458	1.42416763305664
1336.96934810764	1.3862292766571
1337.4514318607	1.35040688514709
1337.93351561376	1.31658804416656
1338.41559936682	1.28475785255432
1338.89768311987	1.25500798225403
1339.37976687293	1.22749245166779
1339.86185062599	1.2023423910141
1340.34393437905	1.1795746088028
1340.82601813211	1.15904366970062
1341.30810188516	1.1404550075531
1341.79018563822	1.12343406677246
1342.27226939128	1.10758686065674
1342.75435314434	1.09258043766022
1343.2364368974	1.07815003395081
1343.71852065045	1.06410121917725
1344.20060440351	1.05030071735382
1344.68268815657	1.0366735458374
1345.16477190963	1.02321124076843
1345.64685566269	1.00998175144196
1346.12893941574	0.997128367424011
1346.6110231688	0.984844624996185
1347.09310692186	0.973329842090607
1347.57519067492	0.962738156318665
1348.05727442798	0.953143358230591
1348.53935818103	0.944537878036499
1349.02144193409	0.936868607997894
1349.50352568715	0.930083215236664
1349.98560944021	0.924186825752258
1350.46769319327	0.919248402118683
1350.94977694632	0.915380775928497
1351.43186069938	0.912697732448578
1351.91394445244	0.91127598285675
1352.3960282055	0.911144196987152
1352.87811195856	0.912302494049072
1353.36019571161	0.914757072925568
1353.84227946467	0.918544173240662
1354.32436321773	0.92372453212738
1354.80644697079	0.930349230766296
1355.28853072385	0.93841689825058
1355.7706144769	0.947853267192841
1356.25269822996	0.958530485630035
1356.73478198302	0.970336198806763
1357.21686573608	0.983224272727966
1357.69894948913	0.997263669967651
1358.18103324219	1.01262474060059
1358.66311699525	1.02955079078674
1359.14520074831	1.04830396175385
1359.62728450137	1.06916177272797
1360.10936825443	1.09246683120728
1360.59145200748	1.11871385574341
1361.07353576054	1.14862906932831
1361.5556195136	1.18317925930023
1362.03770326666	1.22346389293671
1362.51978701972	1.27049946784973
1363.00187077277	1.32497310638428
1363.48395452583	1.38707995414734
1363.96603827889	1.45664620399475
1364.44812203195	1.5333000421524
1364.93020578501	1.61686813831329
1365.41228953806	1.70759677886963
1365.89437329112	1.80614471435547
1366.37645704418	1.91326367855072
1366.85854079724	2.02915620803833
1367.3406245503	2.1525514125824
1367.82270830335	2.27970147132874
1368.30479205641	2.40388154983521
1368.78687580947	2.51647210121155
1369.26895956253	2.61019015312195
1369.75104331558	2.68257737159729
1370.23312706864	2.73619508743286
1370.7152108217	2.77531862258911
1371.19729457476	2.80264973640442
1371.67937832782	2.81899929046631
1372.16146208088	2.82512259483337
1372.64354583393	2.8234875202179
1373.12562958699	2.81822395324707
1373.60771334005	2.81338834762573
1374.08979709311	2.81096029281616
1374.57188084616	2.80980372428894
1375.05396459922	2.80609130859375
1375.53604835228	2.79501533508301
1376.01813210534	2.77280640602112
1376.5002158584	2.73773384094238
1376.98229961145	2.68968534469604
1377.46438336451	2.62935376167297
1377.94646711757	2.55801296234131
1378.42855087063	2.47807598114014
1378.91063462369	2.39324975013733
1379.39271837674	2.30798435211182
1379.8748021298	2.22648525238037
1380.35688588286	2.15196919441223
1380.83896963592	2.08645462989807
1381.32105338898	2.03094458580017
1381.80313714203	1.98572647571564
1382.28522089509	1.95062410831451
1382.76730464815	1.92516613006592
1383.24938840121	1.90871155261993
1383.73147215427	1.90057551860809
1384.21355590732	1.90015435218811
1384.69563966038	1.90699732303619
1385.17772341344	1.92078232765198
1385.6598071665	1.94113421440125
1386.14189091956	1.96734070777893
1386.62397467261	1.99805295467377
1387.10605842567	2.03116607666016
1387.58814217873	2.06406116485596
1388.07022593179	2.09418964385986
1388.55230968485	2.11968278884888
1389.0343934379	2.13958787918091
1389.51647719096	2.15365266799927
1389.99856094402	2.16192197799683
1390.48064469708	2.16449856758118
1390.96272845014	2.16156983375549
1391.44481220319	2.15355706214905
1391.92689595625	2.14119386672974
1392.40897970931	2.12542533874512
1392.89106346237	2.10725045204163
1393.37314721543	2.08757424354553
1393.85523096848	2.06719613075256
1394.33731472154	2.04688835144043
1394.8193984746	2.02746200561523
1395.30148222766	2.00973343849182
1395.78356598072	1.99440288543701
1396.26564973377	1.98194396495819
1396.74773348683	1.97258770465851
1397.22981723989	1.9664112329483
1397.71190099295	1.96347904205322
1398.19398474601	1.96397006511688
1398.67606849906	1.96822476387024
1399.15815225212	1.97666573524475
1399.64023600518	1.98961865901947
1400.12231975824	2.007080078125
1400.6044035113	2.02858185768127
1401.08648726435	2.05317807197571
1401.56857101741	2.07955884933472
1402.05065477047	2.10625267028809
1402.53273852353	2.13189148902893
1403.01482227659	2.15548205375671
1403.49690602964	2.17655777931213
1403.9789897827	2.19506859779358
1404.46107353576	2.21096849441528
1404.94315728882	2.22369718551636
1405.42524104188	2.23192453384399
1405.90732479493	2.23385548591614
1406.38940854799	2.2279965877533
1406.87149230105	2.21385550498962
1407.35357605411	2.19203925132751
1407.83565980717	2.16366720199585
1408.31774356022	2.12957739830017
1408.79982731328	2.08988118171692
1409.28191106634	2.04412746429443
1409.7639948194	1.99194896221161
1410.24607857246	1.93375825881958
1410.72816232551	1.87101626396179
1411.21024607857	1.80591011047363
1411.69232983163	1.74071383476257
1412.17441358469	1.67725253105164
1412.65649733775	1.61670017242432
1413.1385810908	1.55967557430267
1413.62066484386	1.50649106502533
1414.10274859692	1.45731997489929
1414.58483234998	1.41238415241241
1415.06691610304	1.37188875675201
1415.54899985609	1.33594417572021
1416.03108360915	1.30445981025696
1416.51316736221	1.27707374095917
1416.99525111527	1.25314450263977
1417.47733486833	1.23181903362274
1417.95941862138	1.21219050884247
1418.44150237444	1.19352948665619
1418.9235861275	1.17550539970398
1419.40566988056	1.15824258327484
1419.88775363362	1.14212620258331
1420.36983738667	1.12750124931335
1420.85192113973	1.11443436145782
1421.33400489279	1.10273563861847
1421.81608864585	1.09208536148071
1422.29817239891	1.08221578598022
1422.78025615196	1.07305645942688
1423.26233990502	1.06480801105499
1423.74442365808	1.05790972709656
1424.22650741114	1.05289030075073
1424.7085911642	1.05016040802002
1425.19067491725	1.04986596107483
1425.67275867031	1.05189657211304
1426.15484242337	1.05602765083313
1426.63692617643	1.06208980083466
1427.11900992949	1.07006800174713
1427.60109368254	1.0800929069519
1428.0831774356	1.0923558473587
1428.56526118866	1.10696852207184
1429.04734494172	1.1238842010498
1429.52942869478	1.14290857315063
1430.01151244783	1.16381859779358
1430.49359620089	1.18651163578033
1430.97567995395	1.2110790014267
1431.45776370701	1.23775124549866
1431.93984746007	1.26675701141357
1432.42193121312	1.29820537567139
1432.90401496618	1.33209502696991
1433.38609871924	1.36847865581512
1433.8681824723	1.40773355960846
1434.35026622536	1.45084011554718
1434.83234997841	1.49954831600189
1435.31443373147	1.55637288093567
1435.79651748453	1.62406957149506
1436.27860123759	1.70471584796906
1436.76068499065	1.79844260215759
1437.2427687437	1.902623295784
1437.72485249676	2.01233148574829
1438.20693624982	2.12207436561584
1438.68902000288	2.22772288322449
1439.17110375594	2.32739615440369
1439.65318750899	2.42096614837646
1440.13527126205	2.50887441635132
1440.61735501511	2.5912446975708
1441.09943876817	2.66782355308533
1441.58152252123	2.73853754997253
1442.06360627428	2.80379176139832
1442.54569002734	2.86379671096802
1443.0277737804	2.91684579849243
1443.50985753346	2.95829153060913
1443.99194128652	2.98194003105164
1444.47402503957	2.98432469367981
1444.95610879263	2.96839118003845
1445.43819254569	2.94238781929016
1445.92027629875	2.91519498825073
1446.40236005181	2.89256858825684
1446.88444380486	2.87612104415894
1447.36652755792	2.86433029174805
1447.84861131098	2.85470962524414
1448.33069506404	2.84622478485107
1448.8127788171	2.8405487537384
1449.29486257015	2.8412914276123
1449.77694632321	2.85196542739868
1450.25903007627	2.87402701377869
1450.74111382933	2.90556478500366
1451.22319758239	2.94067597389221
1451.70528133544	2.97049427032471
1452.1873650885	2.98686361312866
1452.66944884156	2.98721837997437
1453.15153259462	2.97578287124634
1453.63361634768	2.95931553840637
1454.11570010073	2.94168043136597
1454.59778385379	2.92116022109985
1455.07986760685	2.8912672996521
1455.56195135991	2.84519410133362
1456.04403511297	2.78241491317749
1456.52611886602	2.71171998977661
1457.00820261908	2.64653563499451
1457.49028637214	2.59737300872803
1457.9723701252	2.56766319274902
1458.45445387826	2.55443739891052
1458.93653763131	2.55137324333191
1459.41862138437	2.55198216438293
1459.90070513743	2.55185174942017
1460.38278889049	2.54945254325867
1460.86487264355	2.54546451568604
1461.3469563966	2.54123115539551
1461.82904014966	2.53727245330811
1462.31112390272	2.53251099586487
1462.79320765578	2.52448701858521
1463.27529140884	2.51059222221375
1463.75737516189	2.48986411094666
1464.23945891495	2.46420741081238
1464.72154266801	2.43781638145447
1465.20362642107	2.41511583328247
1465.68571017413	2.3987762928009
1466.16779392718	2.3890209197998
1466.64987768024	2.3842453956604
1467.1319614333	2.3822557926178
1467.61404518636	2.38139319419861
1468.09612893942	2.38105273246765
1468.57821269247	2.38146662712097
1469.06029644553	2.38298916816711
1469.54238019859	2.38533449172974
1470.02446395165	2.38718700408936
1470.50654770471	2.38648343086243
1470.98863145776	2.38145685195923
1471.47071521082	2.37208199501038
1471.95279896388	2.36090874671936
1472.43488271694	2.35229229927063
1472.91696647	2.35025954246521
1473.39905022305	2.35648679733276
1473.88113397611	2.36967778205872
1474.36321772917	2.38646411895752
1474.84530148223	2.40315389633179
1475.32738523529	2.41745257377625
1475.80946898834	2.42934203147888
1476.2915527414	2.44065141677856
1476.77363649446	2.45362281799316
1477.25572024752	2.46939873695374
1477.73780400058	2.48730731010437
1478.21988775363	2.5053186416626
1478.70197150669	2.52132511138916
1479.18405525975	2.53453850746155
1479.66613901281	2.54598641395569
1480.14822276587	2.55767703056335
1480.63030651892	2.57082915306091
1481.11239027198	2.58411335945129
1481.59447402504	2.59302377700806
1482.0765577781	2.5913302898407
1482.55864153116	2.57434105873108
1483.04072528421	2.54143333435059
1483.52280903727	2.49528312683105
1484.00489279033	2.43874406814575
1484.48697654339	2.37258505821228
1484.96906029645	2.29579472541809
1485.4511440495	2.20764875411987
1485.93322780256	2.10983085632324
1486.41531155562	2.00649476051331
1486.89739530868	1.90264344215393
1487.37947906174	1.80227065086365
1487.86156281479	1.70745778083801
1488.34364656785	1.61853313446045
1488.82573032091	1.53486788272858
1489.30781407397	1.45583736896515
1489.78989782703	1.38151884078979
1490.27198158008	1.31279897689819
1490.75406533314	1.2508898973465
1491.2361490862	1.19663560390472
1491.71823283926	1.15007388591766
1492.20031659232	1.11043465137482
1492.68240034537	1.07638394832611
1493.16448409843	1.04643046855927
1493.64656785149	1.01917195320129
1494.12865160455	0.993503272533417
1494.61073535761	0.968736290931702
1495.09281911066	0.944646775722504
1495.57490286372	0.921426117420197
1496.05698661678	0.899519920349121
1496.53907036984	0.879389047622681
1497.0211541229	0.861295938491821
1497.50323787595	0.845224738121033
1497.98532162901	0.830955624580383
1498.46740538207	0.818207621574402
1498.94948913513	0.806742429733276
1499.43157288819	0.796386957168579
1499.91365664124	0.78698718547821
1500.3957403943	0.778384685516357
1500.87782414736	0.770404100418091
1501.35990790042	0.762891471385956
1501.84199165348	0.755758345127106
1502.32407540653	0.7489994764328
1502.80615915959	0.742666661739349
1503.28824291265	0.736807405948639
1503.77032666571	0.731390833854675
1504.25241041877	0.726249575614929
1504.73449417182	0.721064984798431
1505.21657792488	0.715430855751038
1505.69866167794	0.709025859832764
1506.180745431	0.701860010623932
1506.66282918406	0.694400310516357
1507.14491293711	0.687366306781769
1507.62699669017	0.681262314319611
1508.10908044323	0.6761234998703
1508.59116419629	0.671651840209961
1509.07324794935	0.66748046875
1509.5553317024	0.663330912590027
1510.03741545546	0.659048557281494
1510.51949920852	0.654581665992737
1511.00158296158	0.649947822093964
1511.48366671464	0.645200610160828
1511.96575046769	0.640400171279907
1512.44783422075	0.635592341423035
1512.92991797381	0.630800664424896
1513.41200172687	0.626029014587402
1513.89408547993	0.621260285377502
1514.37616923298	0.616462171077728
1514.85825298604	0.611581802368164
1515.3403367391	0.606559276580811
1515.82242049216	0.601360321044922
1516.30450424521	0.596019923686981
1516.78658799827	0.590664505958557
1517.26867175133	0.585482597351074
1517.75075550439	0.580650389194489
1518.23283925745	0.576255321502686
1518.71492301051	0.572254836559296
1519.19700676356	0.568476617336273
1519.67909051662	0.564655661582947
1520.16117426968	0.560514748096466
1520.64325802274	0.55588960647583
1521.1253417758	0.550843238830566
1521.60742552885	0.54568076133728
1522.08950928191	0.540787220001221
1522.57159303497	0.536417484283447
1523.05367678803	0.532605886459351
1523.53576054108	0.529221415519714
1524.01784429414	0.526071786880493
1524.4999280472	0.522986352443695
1524.98201180026	0.519866526126862
1525.46409555332	0.516708314418793
1525.94617930638	0.513590037822723
1526.42826305943	0.5106241106987
1526.91034681249	0.507896840572357
1527.39243056555	0.505434036254883
1527.87451431861	0.503210723400116
1528.35659807166	0.50118499994278
1528.83868182472	0.499332159757614
1529.32076557778	0.497651249170303
1529.80284933084	0.496152132749557
1530.2849330839	0.494834870100021
1530.76701683696	0.493676722049713
1531.24910059001	0.492637485265732
1531.73118434307	0.491684168577194
1532.21326809613	0.490828037261963
1532.69535184919	0.490151911973953
1533.17743560224	0.489791303873062
1533.6595193553	0.489851534366608
1534.14160310836	0.490315854549408
1534.62368686142	0.491041600704193
1535.10577061448	0.491857886314392
1535.58785436753	0.492669403553009
1536.06993812059	0.493485003709793
1536.55202187365	0.494386166334152
1537.03410562671	0.495478719472885
1537.51618937977	0.496860206127167
1537.99827313282	0.498607337474823
1538.48035688588	0.500777184963226
1538.96244063894	0.50340861082077
1539.444524392	0.506513297557831
1539.92660814506	0.510053157806396
1540.40869189811	0.513924121856689
1540.89077565117	0.517975032329559
1541.37285940423	0.522064387798309
1541.85494315729	0.526114702224731
1542.33702691035	0.53013014793396
1542.8191106634	0.534189164638519
1543.30119441646	0.538412034511566
1543.78327816952	0.542927801609039
1544.26536192258	0.547823905944824
1544.74744567564	0.553092062473297
1545.22952942869	0.558601796627045
1545.71161318175	0.564132869243622
1546.19369693481	0.569461226463318
1546.67578068787	0.574448704719543
1547.15786444093	0.579084157943726
1547.63994819398	0.583464324474335
1548.12203194704	0.587735831737518
1548.6041157001	0.592024922370911
1549.08619945316	0.596374809741974
1549.56828320622	0.600716173648834
1550.05036695927	0.604878604412079
1550.53245071233	0.608668148517609
1551.01453446539	0.611953139305115
1551.49661821845	0.614708960056305
1551.97870197151	0.616998732089996
1552.46078572456	0.618917763233185
1552.94286947762	0.620542466640472
1553.42495323068	0.621905326843262
1553.90703698374	0.622999906539917
1554.3891207368	0.623805582523346
1554.87120448985	0.624317824840546
1555.35328824291	0.62456351518631
1555.83537199597	0.624591290950775
1556.31745574903	0.624444484710693
1556.79953950209	0.624139368534088
1557.28162325514	0.623681485652924
1557.7637070082	0.62313574552536
1558.24579076126	0.622719645500183
1558.72787451432	0.62278151512146
1559.20995826738	0.623515546321869
1559.69204202043	0.624643385410309
1560.17412577349	0.625575721263885
1560.65620952655	0.625900089740753
1561.13829327961	0.625582158565521
1561.62037703267	0.624823927879333
1562.10246078572	0.623868405818939
1562.58454453878	0.622892022132874
1563.06662829184	0.621975660324097
1563.5487120449	0.621117413043976
1564.03079579796	0.620263159275055
1564.51287955101	0.619344532489777
1564.99496330407	0.618312120437622
1565.47704705713	0.61715441942215
1565.95913081019	0.615895867347717
1566.44121456325	0.61457484960556
1566.9232983163	0.613214433193207
1567.40538206936	0.611798644065857
1567.88746582242	0.610267460346222
1568.36954957548	0.608534932136536
1568.85163332854	0.606526494026184
1569.33371708159	0.604218900203705
1569.81580083465	0.601655066013336
1570.29788458771	0.598923027515411
1570.77996834077	0.596119225025177
1571.26205209383	0.593324065208435
1571.74413584688	0.590603947639465
1572.22621959994	0.588012397289276
1572.708303353	0.585589051246643
1573.19038710606	0.583351910114288
1573.67247085912	0.581290543079376
1574.15455461217	0.579366505146027
1574.63663836523	0.577528536319733
1575.11872211829	0.57574075460434
1575.60080587135	0.574009776115417
1576.08288962441	0.572386264801025
1576.56497337746	0.570931375026703
1577.04705713052	0.569681882858276
1577.52914088358	0.568651914596558
1578.01122463664	0.56786048412323
1578.4933083897	0.567346155643463
1578.97539214275	0.567157685756683
1579.45747589581	0.56733500957489
1579.93955964887	0.567897975444794
1580.42164340193	0.568845272064209
1580.90372715499	0.570159018039703
1581.38581090804	0.571810603141785
1581.8678946611	0.573763370513916
1582.34997841416	0.575974225997925
1582.83206216722	0.578392207622528
1583.31414592028	0.580957651138306
1583.79622967333	0.583602130413055
1584.27831342639	0.586253583431244
1584.76039717945	0.588845670223236
1585.24248093251	0.591327011585236
1585.72456468557	0.593667268753052
1586.20664843862	0.595845520496368
1586.68873219168	0.597836077213287
1587.17081594474	0.599591314792633
1587.6528996978	0.601036489009857
1588.13498345086	0.602081596851349
1588.61706720391	0.602647423744202
1589.09915095697	0.602692484855652
1589.58123471003	0.602226257324219
1590.06331846309	0.601300477981567
1590.54540221615	0.599983036518097
1591.0274859692	0.598331451416016
1591.50956972226	0.596379637718201
1591.99165347532	0.594144880771637
1592.47373722838	0.591648042201996
1592.95582098144	0.588929116725922
1593.43790473449	0.586055338382721
1593.91998848755	0.583106696605682
1594.40207224061	0.580154716968536
1594.88415599367	0.577244579792023
1595.36623974673	0.574391305446625
1595.84832349978	0.571590721607208
1596.33040725284	0.568838357925415
1596.8124910059	0.566144227981567
1597.29457475896	0.563535153865814
1597.77665851202	0.561044991016388
1598.25874226507	0.558698534965515
1598.74082601813	0.556500136852264
1599.22290977119	0.554432690143585
1599.70499352425	0.552465438842773
1600.18707727731	0.550572276115417
1600.66916103036	0.548743069171906
1601.15124478342	0.546989262104034
1601.63332853648	0.545339286327362
1602.11541228954	0.543828070163727
1602.5974960426	0.542487680912018
1603.07957979565	0.541343510150909
1603.56166354871	0.540416538715363
1604.04374730177	0.539728164672852
1604.52583105483	0.539303243160248
1605.00791480789	0.539168059825897
1605.48999856094	0.539344549179077
1605.972082314	0.539841115474701
1606.45416606706	0.540647327899933
1606.93624982012	0.541734755039215
1607.41833357318	0.543063640594482
1607.90041732623	0.544595897197723
1608.38250107929	0.546308219432831
1608.86458483235	0.548197627067566
1609.34666858541	0.550276637077332
1609.82875233847	0.552557706832886
1610.31083609152	0.555034279823303
1610.79291984458	0.557667911052704
1611.27500359764	0.560390174388885
1611.7570873507	0.563121318817139
1612.23917110376	0.565798580646515
1612.72125485681	0.568399965763092
1613.20333860987	0.570950329303741
1613.68542236293	0.573507130146027
1614.16750611599	0.576136529445648
1614.64958986905	0.578886151313782
1615.1316736221	0.581772685050964
1615.61375737516	0.584776759147644
1616.09584112822	0.587838113307953
1616.57792488128	0.590847849845886
1617.06000863434	0.593651950359344
1617.54209238739	0.596089005470276
1618.02417614045	0.598051249980927
1618.50625989351	0.599524199962616
1618.98834364657	0.600577890872955
1619.47042739963	0.60132759809494
1619.95251115268	0.601897001266479
1620.43459490574	0.60239577293396
1620.9166786588	0.602911055088043
1621.39876241186	0.603504538536072
1621.88084616492	0.604208528995514
1622.36292991797	0.605022668838501
1622.84501367103	0.605913519859314
1623.32709742409	0.606824517250061
1623.80918117715	0.607698440551758
1624.29126493021	0.608502328395844
1624.77334868326	0.609238624572754
1625.25543243632	0.609934568405151
1625.73751618938	0.610620021820068
1626.21959994244	0.61130952835083
1626.7016836955	0.612000048160553
1627.18376744855	0.6126828789711
1627.66585120161	0.613358318805695
1628.14793495467	0.614038944244385
1628.63001870773	0.614735901355743
1629.11210246079	0.615436971187592
1629.59418621384	0.616097211837769
1630.0762699669	0.616650342941284
1630.55835371996	0.6170374751091
1631.04043747302	0.617236971855164
1631.52252122608	0.617281377315521
1632.00460497913	0.617252886295319
1632.48668873219	0.617257535457611
1632.96877248525	0.617387056350708
1633.45085623831	0.617684125900269
1633.93293999137	0.618127286434174
1634.41502374442	0.618646800518036
1634.89710749748	0.619168162345886
1635.37919125054	0.619657099246979
1635.8612750036	0.620124459266663
1636.34335875666	0.620586633682251
1636.82544250971	0.621026456356049
1637.30752626277	0.621406137943268
1637.78961001583	0.621700763702393
1638.27169376889	0.621913492679596
1638.75377752195	0.622071266174316
1639.235861275	0.62221759557724
1639.71794502806	0.622406303882599
1640.20002878112	0.622690200805664
1640.68211253418	0.62310266494751
1641.16419628724	0.623640835285187
1641.64628004029	0.624265730381012
1642.12836379335	0.624923765659332
1642.61044754641	0.625579535961151
1643.09253129947	0.626238584518433
1643.57461505253	0.626952171325684
1644.05669880558	0.62779974937439
1644.53878255864	0.628856837749481
1645.0208663117	0.630161046981812
1645.50295006476	0.631689965724945
1645.98503381782	0.633363604545593
1646.46711757087	0.635073125362396
1646.94920132393	0.636720955371857
1647.43128507699	0.63824737071991
1647.91336883005	0.639635980129242
1648.39545258311	0.640905678272247
1648.87753633616	0.642096281051636
1649.35962008922	0.643248677253723
1649.84170384228	0.644383251667023
1650.32378759534	0.645482838153839
1650.8058713484	0.646493852138519
1651.28795510145	0.647357165813446
1651.77003885451	0.648081362247467
1652.25212260757	0.648826658725739
1652.73420636063	0.6498743891716
1653.21629011369	0.651358962059021
1653.69837386674	0.652985692024231
1654.1804576198	0.654206693172455
1654.66254137286	0.654714047908783
1655.14462512592	0.654626190662384
1655.62670887898	0.65429300069809
1656.10879263203	0.654052197933197
1656.59087638509	0.654105842113495
1657.07296013815	0.654505014419556
1657.55504389121	0.655191779136658
1658.03712764427	0.65606814622879
1658.51921139732	0.657065451145172
1659.00129515038	0.658186197280884
1659.48337890344	0.659503221511841
1659.9654626565	0.661118805408478
1660.44754640956	0.663110256195068
1660.92963016261	0.665490984916687
1661.41171391567	0.668207228183746
1661.89379766873	0.67116791009903
1662.37588142179	0.674290120601654
1662.85796517485	0.677529096603394
1663.3400489279	0.680872142314911
1663.82213268096	0.684305250644684
1664.30421643402	0.68779057264328
1664.78630018708	0.691265344619751
1665.26838394014	0.694673895835876
1665.75046769319	0.698002278804779
1666.23255144625	0.701305270195007
1666.71463519931	0.704715609550476
1667.19671895237	0.708432793617249
1667.67880270543	0.712673366069794
1668.16088645848	0.717596650123596
1668.64297021154	0.723223567008972
1669.1250539646	0.72939521074295
1669.60713771766	0.735813915729523
1670.08922147072	0.742163777351379
1670.57130522377	0.748242020606995
1671.05338897683	0.75401645898819
1671.53547272989	0.759593188762665
1672.01755648295	0.76512348651886
1672.49964023601	0.770743906497955
1672.98172398906	0.776557922363281
1673.46380774212	0.782659888267517
1673.94589149518	0.789167404174805
1674.42797524824	0.796215891838074
1674.9100590013	0.80388069152832
1675.39214275435	0.812051117420197
1675.87422650741	0.820378601551056
1676.35631026047	0.828398287296295
1676.83839401353	0.835755348205566
1677.32047776659	0.842359602451324
1677.80256151964	0.84838992357254
1678.2846452727	0.854195594787598
1678.76672902576	0.860169649124146
1679.24881277882	0.866604566574097
1679.73089653188	0.873586177825928
1680.21298028493	0.880955457687378
1680.69506403799	0.88838917016983
1681.17714779105	0.89557158946991
1681.65923154411	0.902374684810638
1682.14131529716	0.90897524356842
1682.62339905022	0.915882647037506
1683.10548280328	0.923844635486603
1683.58756655634	0.933545410633087
1684.0696503094	0.945089161396027
1684.55173406245	0.957637429237366
1685.03381781551	0.969766497612
1685.51590156857	0.980414032936096
1685.99798532163	0.989452540874481
1686.48006907469	0.997537016868591
1686.96215282775	1.00559675693512
1687.4442365808	1.01443469524384
1687.92632033386	1.02453708648682
1688.40840408692	1.03604459762573
1688.89048783998	1.04883217811584
1689.37257159303	1.06266295909882
1689.85465534609	1.07734894752502
1690.33673909915	1.09283363819122
1690.81882285221	1.10914826393127
1691.30090660527	1.12628769874573
1691.78299035832	1.14412295818329
1692.26507411138	1.16243314743042
1692.74715786444	1.18109130859375
1693.2292416175	1.20027315616608
1693.71132537056	1.22068703174591
1694.19340912361	1.24364221096039
1694.67549287667	1.27081179618835
1695.15757662973	1.30350911617279
1695.63966038279	1.34159123897552
1696.12174413585	1.38275945186615
1696.6038278889	1.42327153682709
1697.08591164196	1.45994186401367
1697.56799539502	1.49191129207611
1698.05007914808	1.52105021476746
1698.53216290114	1.55133414268494
1699.01424665419	1.58797419071198
1699.49633040725	1.63631558418274
1699.97841416031	1.6998952627182
1700.46049791337	1.77743899822235
1700.94258166643	1.86138904094696
1701.42466541948	1.9411062002182
1701.90674917254	2.00943970680237
1702.3888329256	2.06628942489624
1702.87091667866	2.11643075942993
1703.35300043172	2.16531324386597
1703.83508418477	2.21636486053467
1704.31716793783	2.27019309997559
1704.79925169089	2.32518935203552
1705.28133544395	2.37948107719421
1705.76341919701	2.43358826637268
1706.24550295006	2.49173927307129
1706.72758670312	2.56042981147766
1707.20967045618	2.6454644203186
1707.69175420924	2.74877667427063
1708.1738379623	2.86513113975525
1708.65592171535	2.97841811180115
1709.13800546841	3.06334590911865
1709.62008922147	3.10225868225098
1710.10217297453	3.10334253311157
1710.58425672759	3.09045624732971
1711.06634048064	3.08062529563904
1711.5484242337	3.07611870765686
1712.03050798676	3.0682897567749
1712.51259173982	3.04658198356628
1712.99467549288	3.00868892669678
1713.47675924593	2.96358251571655
1713.95884299899	2.92491459846497
1714.44092675205	2.90315461158752
1714.92301050511	2.90209698677063
1715.40509425817	2.91793060302734
1715.88717801122	2.93930554389954
1716.36926176428	2.95058655738831
1716.85134551734	2.94151020050049
1717.3334292704	2.91665720939636
1717.81551302346	2.8918731212616
1718.29759677651	2.88185691833496
1718.77968052957	2.89262104034424
1719.26176428263	2.92105340957642
1719.74384803569	2.95764207839966
1720.22593178875	2.99074125289917
1720.7080155418	3.01209664344788
1721.19009929486	3.02092003822327
1721.67218304792	3.02281260490417
1722.15426680098	3.02443027496338
1722.63635055404	3.02846527099609
1723.11843430709	3.03173875808716
1723.60051806015	3.02734899520874
1724.08260181321	3.01048111915588
1724.56468556627	2.98367476463318
1725.04676931933	2.95611524581909
1725.52885307238	2.93821954727173
1726.01093682544	2.93709564208984
1726.4930205785	2.95474314689636
1726.97510433156	2.98753809928894
1727.45718808462	3.02621173858643
1727.93927183767	3.05789923667908
1728.42135559073	3.07243871688843
1728.90343934379	3.06956505775452
1729.38552309685	3.05865120887756
1729.86760684991	3.05065298080444
1730.34969060296	3.05084490776062
1730.83177435602	3.05655074119568
1731.31385810908	3.05909514427185
1731.79594186214	3.04948568344116
1732.2780256152	3.02585935592651
1732.76010936825	2.99668836593628
1733.24219312131	2.97643065452576
1733.72427687437	2.97780752182007
1734.20636062743	3.0048885345459
1734.68844438049	3.04776859283447
1735.17052813354	3.08232498168945
1735.6526118866	3.0834264755249
1736.13469563966	3.04617285728455
1736.61677939272	2.98757648468018
1737.09886314578	2.92837715148926
1737.58094689883	2.88184714317322
1738.06303065189	2.85371851921082
1738.54511440495	2.8446261882782
1739.02719815801	2.85154390335083
1739.50928191107	2.8688952922821
1739.99136566412	2.89078783988953
1740.47344941718	2.9142005443573
1740.95553317024	2.94063019752502
1741.4376169233	2.97435593605042
1741.91970067636	3.01848268508911
1742.40178442941	3.07065200805664
1742.88386818247	3.11962628364563
1743.36595193553	3.14611792564392
1743.84803568859	3.13425612449646
1744.33011944165	3.08649039268494
1744.8122031947	3.02104544639587
1745.29428694776	2.95623517036438
1745.77637070082	2.9021852016449
1746.25845445388	2.86181497573853
1746.74053820694	2.83427762985229
1747.22262195999	2.81785726547241
1747.70470571305	2.8119068145752
1748.18678946611	2.81770038604736
1748.66887321917	2.83810949325562
1749.15095697223	2.87634468078613
1749.63304072528	2.93405294418335
1750.11512447834	3.00884866714478
1750.5972082314	3.09131979942322
1751.07929198446	3.16471815109253
1751.56137573752	3.21323323249817
1752.04345949057	3.23618960380554
1752.52554324363	3.24963569641113
1753.00762699669	3.27260947227478
1753.48971074975	3.31609058380127
1753.97179450281	3.37923216819763
1754.45387825586	3.44635415077209
1754.93596200892	3.48660516738892
1755.41804576198	3.47283244132996
1755.90012951504	3.41223287582397
1756.3822132681	3.33850049972534
1756.86429702115	3.27911710739136
1757.34638077421	3.24362301826477
1757.82846452727	3.22737789154053
1758.31054828033	3.21709966659546
1758.79263203339	3.19788694381714
1759.27471578644	3.16224122047424
1759.7567995395	3.11483240127563
1760.23888329256	3.06804347038269
1760.72096704562	3.03408932685852
1761.20305079868	3.020503282547
1761.68513455173	3.02895259857178
1762.16721830479	3.05525660514832
1762.64930205785	3.09038233757019
1763.13138581091	3.12359881401062
1763.61346956397	3.14750337600708
1764.09555331702	3.16103625297546
1764.57763707008	3.16707634925842
1765.05972082314	3.16692638397217
1765.5418045762	3.15680336952209
1766.02388832926	3.12933921813965
1766.50597208231	3.08004522323608
1766.98805583537	3.01327800750732
1767.47013958843	2.94075989723206
1767.95222334149	2.87463188171387
1768.43430709455	2.82236289978027
1768.9163908476	2.78579258918762
1769.39847460066	2.76241898536682
1769.88055835372	2.74734568595886
1770.36264210678	2.73548793792725
1770.84472585984	2.72386384010315
1771.32680961289	2.7131404876709
1771.80889336595	2.70726943016052
1772.29097711901	2.71116614341736
1772.77306087207	2.72779583930969
1773.25514462513	2.75637912750244
1773.73722837818	2.79248118400574
1774.21931213124	2.82985711097717
1774.7013958843	2.86331725120544
1775.18347963736	2.89113283157349
1775.66556339042	2.9152717590332
1776.14764714347	2.93911290168762
1776.62973089653	2.964106798172
1777.11181464959	2.98727369308472
1777.59389840265	3.0011522769928
1778.07598215571	2.99752879142761
1778.55806590876	2.97364544868469
1779.04014966182	2.93528985977173
1779.52223341488	2.89331221580505
1780.00431716794	2.85772204399109
1780.486400921	2.83428955078125
1780.96848467405	2.82410144805908
1781.45056842711	2.82473158836365
1781.93265218017	2.83223915100098
1782.41473593323	2.8434727191925
1782.89681968629	2.85775113105774
1783.37890343934	2.8769416809082
1783.8609871924	2.90378427505493
1784.34307094546	2.9391942024231
1784.82515469852	2.9795503616333
1785.30723845158	3.01546692848206
1785.78932220463	3.0347638130188
1786.27140595769	3.03030562400818
1786.75348971075	3.0060760974884
1787.23557346381	2.97376394271851
1787.71765721687	2.94451022148132
1788.19974096992	2.92407202720642
1788.68182472298	2.9122896194458
1789.16390847604	2.90456390380859
1789.6459922291	2.89452266693115
1790.12807598216	2.87770342826843
1790.61015973521	2.85472631454468
1791.09224348827	2.83137273788452
1791.57432724133	2.81560349464417
1792.05641099439	2.81389212608337
1792.53849474745	2.82883191108704
1793.0205785005	2.85839676856995
1793.50266225356	2.89666414260864
1793.98474600662	2.9360203742981
1794.46682975968	2.97019624710083
1794.94891351274	2.99641871452332
1795.43099726579	3.01500415802002
1795.91308101885	3.02687048912048
1796.39516477191	3.03132390975952
1796.87724852497	3.02614450454712
1797.35933227803	3.01008987426758
1797.84141603108	2.98561310768127
1798.32349978414	2.95902109146118
1798.8055835372	2.93790698051453
1799.28766729026	2.92810893058777
1799.76975104332	2.93171215057373
1800.25183479637	2.94613409042358
1800.73391854943	2.96436643600464
1801.21600230249	2.97744345664978
1801.69808605555	2.97936582565308
1802.18016980861	2.97112846374512
1802.66225356166	2.95964550971985
1803.14433731472	2.95282506942749
1803.62642106778	2.95538020133972
1804.10850482084	2.96716356277466
1804.5905885739	2.98342895507813
1805.07267232695	2.99678897857666
1805.55475608001	3.00094604492188
1806.03683983307	2.99440455436707
1806.51892358613	2.9809205532074
1807.00100733919	2.96622610092163
1807.48309109224	2.95417094230652
1807.9651748453	2.9449667930603
1808.44725859836	2.9358549118042
1808.92934235142	2.9236011505127
1809.41142610448	2.90738391876221
1809.89350985753	2.88999462127686
1810.37559361059	2.87638521194458
1810.85767736365	2.87084460258484
1811.33976111671	2.87466812133789
1811.82184486977	2.88520002365112
1812.30392862282	2.89663219451904
1812.78601237588	2.90284872055054
1813.26809612894	2.90131616592407
1813.750179882	2.89509463310242
1814.23226363506	2.89114046096802
1814.71434738811	2.89668989181519
1815.19643114117	2.91638493537903
1815.67851489423	2.95073390007019
1816.16059864729	2.99543380737305
1816.64268240035	3.04184055328369
1817.1247661534	3.07988929748535
1817.60684990646	3.10321474075317
1818.08893365952	3.11204981803894
1818.57101741258	3.10998749732971
1819.05310116564	3.097825050354
1819.53518491869	3.07093667984009
1820.01726867175	3.02313184738159
1820.49935242481	2.95380020141602
1820.98143617787	2.87036180496216
1821.46351993093	2.78327393531799
1821.94560368398	2.70006036758423
1822.42768743704	2.62295603752136
1822.9097711901	2.54979038238525
1823.39185494316	2.47633266448975
1823.87393869622	2.39918398857117
1824.35602244927	2.31803727149963
1824.83810620233	2.23587989807129
1825.32018995539	2.15709209442139
1825.80227370845	2.08509540557861
1826.28435746151	2.02107834815979
1826.76644121456	1.96401584148407
1827.24852496762	1.91145670413971
1827.73060872068	1.86057555675507
1828.21269247374	1.80920994281769
1828.6947762268	1.7565575838089
1829.17685997985	1.70344245433807
1829.65894373291	1.65176928043365
1830.14102748597	1.60358774662018
1830.62311123903	1.56021165847778
1831.10519499209	1.52183818817139
1831.58727874514	1.4877370595932
1832.0693624982	1.45675671100616
1832.55144625126	1.42782926559448
1833.03353000432	1.40027129650116
1833.51561375738	1.37384188175201
1833.99769751043	1.34862041473389
1834.47978126349	1.32480216026306
1834.96186501655	1.30251061916351
1835.44394876961	1.28170073032379
1835.92603252267	1.26214861869812
1836.40811627572	1.24357616901398
1836.89020002878	1.22574877738953
1837.37228378184	1.20855629444122
1837.8543675349	1.19201934337616
1838.33645128796	1.17623400688171
1838.81853504101	1.16129732131958
1839.30061879407	1.14725089073181
1839.78270254713	1.13406729698181
1840.26478630019	1.12166738510132
1840.74687005324	1.10994863510132
1841.2289538063	1.09879684448242
1841.71103755936	1.08807981014252
1842.19312131242	1.07763457298279
1842.67520506548	1.06727516651154
1843.15728881854	1.05682611465454
1843.63937257159	1.04621267318726
1844.12145632465	1.03551435470581
1844.60354007771	1.02496361732483
1845.08562383077	1.01485455036163
1845.56770758383	1.00541627407074
1846.04979133688	0.996723830699921
1846.53187508994	0.988682925701141
1847.013958843	0.981077790260315
1847.49604259606	0.973653972148895
1847.97812634911	0.966209411621094
1848.46021010217	0.958665311336517
1848.94229385523	0.951089322566986
1849.42437760829	0.943658292293549
1849.90646136135	0.93657910823822
1850.3885451144	0.929998338222504
1850.87062886746	0.923968195915222
1851.35271262052	0.918448030948639
1851.83479637358	0.913354277610779
1852.31688012664	0.908628225326538
1852.79896387969	0.904272198677063
1853.28104763275	0.900355279445648
1853.76313138581	0.896980345249176
1854.24521513887	0.894234895706177
1854.72729889193	0.892153203487396
1855.20938264498	0.890707194805145
1855.69146639804	0.889825105667114
1856.1735501511	0.889423370361328
1856.65563390416	0.88942962884903
1857.13771765722	0.889783501625061
1857.61980141027	0.890414118766785
1858.10188516333	0.891207039356232
1858.58396891639	0.891983032226563
1859.06605266945	0.892503082752228
1859.54813642251	0.892502427101135
1860.03022017556	0.891739130020142
1860.51230392862	0.89003598690033
1860.99438768168	0.887294173240662
1861.47647143474	0.883475482463837
1861.9585551878	0.878566384315491
1862.44063894085	0.872549891471863
1862.92272269391	0.865404963493347
1863.40480644697	0.85713517665863
1863.88689020003	0.847809553146362
1864.36897395309	0.837572693824768
1864.85105770614	0.826641380786896
1865.3331414592	0.815243363380432
1865.81522521226	0.803558468818665
1866.29730896532	0.791679918766022
1866.77939271838	0.779620707035065
1867.26147647143	0.767368972301483
1867.74356022449	0.754968106746674
1868.22564397755	0.742581307888031
1868.70772773061	0.730495870113373
1869.18981148367	0.719051659107208
1869.67189523672	0.708530366420746
1870.15397898978	0.699072360992432
1870.63606274284	0.690665185451508
1871.1181464959	0.683199405670166
1871.60023024896	0.676537990570068
1872.08231400201	0.670585870742798
1872.56439775507	0.665304243564606
1873.04648150813	0.660699844360352
1873.52856526119	0.656791388988495
1874.01064901425	0.653576195240021
1874.4927327673	0.651013910770416
1874.97481652036	0.649034023284912
1875.45690027342	0.647559762001038
1875.93898402648	0.64653092622757
1876.42106777954	0.645909070968628
1876.90315153259	0.6456618309021
1877.38523528565	0.645735025405884
1877.86731903871	0.646030843257904
1878.34940279177	0.646406710147858
1878.83148654483	0.646699607372284
1879.31357029788	0.646762609481812
1879.79565405094	0.646499037742615
1880.277737804	0.645874500274658
1880.75982155706	0.64490419626236
1881.24190531012	0.643622934818268
1881.72398906317	0.642054557800293
1882.20607281623	0.64019638299942
1882.68815656929	0.638023734092712
1883.17024032235	0.635515093803406
1883.65232407541	0.632671594619751
1884.13440782846	0.629529714584351
1884.61649158152	0.626155257225037
1885.09857533458	0.622622728347778
1885.58065908764	0.618994355201721
1886.0627428407	0.615304172039032
1886.54482659375	0.611567258834839
1887.02691034681	0.607791125774384
1887.50899409987	0.603992998600006
1887.99107785293	0.600208222866058
1888.47316160599	0.596485078334808
1888.95524535904	0.592868387699127
1889.4373291121	0.589380621910095
1889.91941286516	0.586013495922089
1890.40149661822	0.582735776901245
1890.88358037128	0.579514384269714
1891.36566412433	0.576333284378052
1891.84774787739	0.573197841644287
1892.32983163045	0.570122718811035
1892.81191538351	0.567113995552063
1893.29399913657	0.564152836799622
1893.77608288962	0.561200380325317
1894.25816664268	0.558211207389832
1894.74025039574	0.55515718460083
1895.2223341488	0.552044332027435
1895.70441790186	0.548911094665527
1896.18650165491	0.5458083152771
1896.66858540797	0.54276967048645
1897.15066916103	0.539790868759155
1897.63275291409	0.536827802658081
1898.11483666715	0.533815920352936
1898.5969204202	0.530700325965881
1899.07900417326	0.527461886405945
1899.56108792632	0.524125993251801
1900.04317167938	0.520750463008881
1900.52525543244	0.517395079135895
1901.00733918549	0.514099359512329
1901.48942293855	0.510866343975067
1901.97150669161	0.507670044898987
1902.45359044467	0.504476726055145
1902.93567419773	0.501268088817596
1903.41775795078	0.498052597045898
1903.89984170384	0.494859248399734
1904.3819254569	0.491718739271164
1904.86400920996	0.488643109798431
1905.34609296302	0.485616534948349
1905.82817671607	0.482602804899216
1906.31026046913	0.47956508398056
1906.79234422219	0.476487159729004
1907.27442797525	0.4733846783638
1907.75651172831	0.470296502113342
1908.23859548136	0.467270106077194
1908.72067923442	0.464336216449738
1909.20276298748	0.461495637893677
1909.68484674054	0.458720356225967
1910.1669304936	0.455969095230103
1910.64901424665	0.4532071352005
1911.13109799971	0.450419425964355
1911.61318175277	0.447610557079315
1912.09526550583	0.444794118404388
1912.57734925889	0.441979914903641
1913.05943301194	0.439167439937592
1913.541516765	0.436349391937256
1914.02360051806	0.433523505926132
1914.50568427112	0.430698364973068
1914.98776802418	0.427899032831192
1915.46985177723	0.425156235694885
1915.95193553029	0.422493815422058
1916.43401928335	0.419918268918991
1916.91610303641	0.417417734861374
1917.39818678947	0.414971560239792
1917.88027054252	0.412565857172012
1918.36235429558	0.410206466913223
1918.84443804864	0.407920777797699
1919.3265218017	0.405747443437576
1919.80860555476	0.403719365596771
1920.29068930781	0.401849567890167
1920.77277306087	0.400127112865448
1921.25485681393	0.398524850606918
1921.73694056699	0.397013783454895
1922.21902432005	0.395581543445587
1922.7011080731	0.394238084554672
1923.18319182616	0.393009543418884
1923.66527557922	0.391921520233154
1924.14735933228	0.390982657670975
1924.62944308534	0.390179216861725
1925.11152683839	0.389482706785202
1925.59361059145	0.388865679502487
1926.07569434451	0.388316780328751
1926.55777809757	0.387847572565079
1927.03986185063	0.387487888336182
1927.52194560368	0.387271493673325
1928.00402935674	0.38721975684166
1928.4861131098	0.387331396341324
1928.96819686286	0.387583583593369
1929.45028061592	0.387942939996719
1929.93236436897	0.388380140066147
1930.41444812203	0.388880252838135
1930.89653187509	0.38944399356842
1931.37861562815	0.390080541372299
1931.86069938121	0.390797078609467
1932.34278313426	0.391592115163803
1932.82486688732	0.39245617389679
1933.30695064038	0.393379002809525
1933.78903439344	0.394358545541763
1934.2711181465	0.395404815673828
1934.75320189955	0.39653617143631
1935.23528565261	0.397768914699554
1935.71736940567	0.399105846881866
1936.19945315873	0.400531947612762
1936.68153691179	0.402015745639801
1937.16362066484	0.403521418571472
1937.6457044179	0.405021548271179
1938.12778817096	0.406506419181824
1938.60987192402	0.4079849421978
1939.09195567708	0.409478396177292
1939.57403943013	0.411010980606079
1940.05612318319	0.412602871656418
1940.53820693625	0.414268791675568
1941.02029068931	0.416021078824997
1941.50237444237	0.417872935533524
1941.98445819542	0.419837176799774
1942.46654194848	0.42191943526268
1942.94862570154	0.424108952283859
1943.4307094546	0.426377892494202
1943.91279320766	0.428684830665588
1944.39487696071	0.430990695953369
1944.87696071377	0.433272749185562
1945.35904446683	0.435531497001648
1945.84112821989	0.43778795003891
1946.32321197295	0.440072745084763
1946.805295726	0.442411780357361
1947.28737947906	0.44481572508812
1947.76946323212	0.447278559207916
1948.25154698518	0.449785977602005
1948.73363073824	0.452328652143478
1949.21571449129	0.45491224527359
1949.69779824435	0.457557767629623
1950.17988199741	0.460290879011154
1950.66196575047	0.463129460811615
1951.14404950353	0.466068655252457
1951.62613325658	0.469083577394485
1952.10821700964	0.472141027450562
1952.5903007627	0.475218683481216
1953.07238451576	0.478320181369781
1953.55446826882	0.481478601694107
1954.03655202187	0.484745860099792
1954.51863577493	0.488172918558121
1955.00071952799	0.491791248321533
1955.48280328105	0.495605379343033
1955.96488703411	0.499599307775497
1956.44697078716	0.503752410411835
1956.92905454022	0.508053123950958
1957.41113829328	0.512506902217865
1957.89322204634	0.517118871212006
1958.3753057994	0.521876454353333
1958.85738955245	0.52672815322876
1959.33947330551	0.531576812267303
1959.82155705857	0.536291539669037
1960.30364081163	0.540732681751251
1960.78572456469	0.544777095317841
1961.26780831774	0.548333048820496
1961.7498920708	0.551339566707611
1962.23197582386	0.553756058216095
1962.71405957692	0.5555499792099
1963.19614332998	0.556690096855164
1963.67822708303	0.557149708271027
1964.16031083609	0.556916773319244
1964.64239458915	0.556005477905273
1965.12447834221	0.554464042186737
1965.60656209527	0.552372932434082
1966.08864584832	0.549834251403809
1966.57072960138	0.546955525875092
1967.05281335444	0.543833017349243
1967.5348971075	0.540542542934418
1968.01698086056	0.537140190601349
1968.49906461361	0.533671259880066
1968.98114836667	0.530181169509888
1969.46323211973	0.526722133159637
1969.94531587279	0.523350894451141
1970.42739962585	0.520121335983276
1970.9094833789	0.517075777053833
1971.39156713196	0.514241099357605
1971.87365088502	0.511629045009613
1972.35573463808	0.509248316287994
1972.83781839114	0.507109999656677
1973.31990214419	0.50523179769516
1973.80198589725	0.50363427400589
1974.28406965031	0.502332746982574
1974.76615340337	0.501329600811005
1975.24823715643	0.500612437725067
1975.73032090948	0.500159204006195
1976.21240466254	0.499947428703308
1976.6944884156	0.499962121248245
1977.17657216866	0.500196278095245
1977.65865592172	0.500644028186798
1978.14073967477	0.501290500164032
1978.62282342783	0.50210440158844
1979.10490718089	0.503039360046387
1979.58699093395	0.504043996334076
1980.06907468701	0.505075216293335
1980.55115844006	0.506107330322266
1981.03324219312	0.507130444049835
1981.51532594618	0.508138239383698
1981.99740969924	0.509109795093536
1982.4794934523	0.509998857975006
1982.96157720535	0.510730445384979
1983.44366095841	0.511216580867767
1983.92574471147	0.511377513408661
1984.40782846453	0.511161804199219
1984.88991221759	0.510555326938629
1985.37199597064	0.509574890136719
1985.8540797237	0.508252680301666
1986.33616347676	0.506617784500122
1986.81824722982	0.504685461521149
1987.30033098288	0.502456545829773
1987.78241473593	0.499925255775452
1988.26449848899	0.497089415788651
1988.74658224205	0.493955463171005
1989.22866599511	0.490536957979202
1989.71074974817	0.486849099397659
1990.19283350122	0.48290479183197
1990.67491725428	0.478716731071472
1991.15700100734	0.474305301904678
1991.6390847604	0.469707399606705
1992.12116851346	0.464978754520416
1992.60325226651	0.460185766220093
1993.08533601957	0.455389499664307
1993.56741977263	0.450629830360413
1994.04950352569	0.445918530225754
1994.53158727875	0.441245496273041
1995.0136710318	0.436594605445862
1995.49575478486	0.431961178779602
1995.97783853792	0.427362382411957
1996.45992229098	0.422837913036346
1996.94200604403	0.418428331613541
1997.42408979709	0.414171248674393
1997.90617355015	0.410080105066299
1998.38825730321	0.406146109104156
1998.87034105627	0.402349263429642
1999.35242480933	0.398674488067627
1999.83450856238	0.395123541355133
2000.31659231544	0.391715884208679
2000.7986760685	0.388478666543961
2001.28075982156	0.385431975126266
2001.76284357462	0.382578313350677
2002.24492732767	0.37990215420723
2002.72701108073	0.377380520105362
2003.20909483379	0.374997496604919
2003.69117858685	0.372754365205765
2004.17326233991	0.370669335126877
2004.65534609296	0.368766248226166
2005.13742984602	0.367058604955673
2005.61951359908	0.365538269281387
2006.10159735214	0.364175051450729
2006.58368110519	0.362927585840225
2007.06576485825	0.361760497093201
2007.54784861131	0.360657781362534
2008.02993236437	0.359626442193985
2008.51201611743	0.358688473701477
2008.99409987048	0.357866555452347
2009.47618362354	0.357171207666397
2009.9582673766	0.356597006320953
2010.44035112966	0.356128305196762
2010.92243488272	0.355750888586044
2011.40451863577	0.355460435152054
2011.88660238883	0.355265200138092
2012.36868614189	0.355177730321884
2012.85076989495	0.355203628540039
2013.33285364801	0.35533344745636
2013.81493740106	0.355543076992035
2014.29702115412	0.355803281068802
2014.77910490718	0.356093108654022
2015.26118866024	0.356409847736359
2015.7432724133	0.356769293546677
2016.22535616635	0.357196420431137
2016.70743991941	0.357710242271423
2017.18952367247	0.358311831951141
2017.67160742553	0.358981758356094
2018.15369117859	0.359688699245453
2018.63577493164	0.360403954982758
2019.1178586847	0.361113607883453
2019.59994243776	0.361821949481964
2020.08202619082	0.362545132637024
2020.56410994388	0.363299310207367
2021.04619369693	0.364091068506241
2021.52827744999	0.364915072917938
2022.01036120305	0.365760415792465
2022.49244495611	0.366621166467667
2022.97452870917	0.367504119873047
2023.45661246222	0.368428736925125
2023.93869621528	0.3694187104702
2024.42077996834	0.370489209890366
2024.9028637214	0.371637046337128
2025.38494747446	0.372842520475388
2025.86703122751	0.374074786901474
2026.34911498057	0.375307828187943
2026.83119873363	0.376530528068542
2027.31328248669	0.377749443054199
2027.79536623975	0.378981471061707
2028.2774499928	0.380241721868515
2028.75953374586	0.381533116102219
2029.24161749892	0.382843822240829
2029.72370125198	0.384154081344604
2030.20578500504	0.385447800159454
2030.68786875809	0.386722266674042
2031.16995251115	0.387990117073059
2031.65203626421	0.389272749423981
2032.13412001727	0.390589118003845
2032.61620377033	0.391946762800217
2033.09828752338	0.393339484930038
2033.58037127644	0.394753247499466
2034.0624550295	0.396176069974899
2034.54453878256	0.397605210542679
2035.02662253562	0.399047493934631
2035.50870628867	0.400512099266052
2035.99079004173	0.402000278234482
2036.47287379479	0.403498977422714
2036.95495754785	0.404982715845108
2037.43704130091	0.406424015760422
2037.91912505396	0.407806664705276
2038.40120880702	0.409135043621063
2038.88329256008	0.410432815551758
2039.36537631314	0.411731421947479
2039.8474600662	0.413056284189224
2040.32954381925	0.41441011428833
2040.81162757231	0.415772169828415
2041.29371132537	0.417106091976166
2041.77579507843	0.418374747037888
2042.25787883149	0.419554531574249
2042.73996258454	0.420640885829926
2043.2220463376	0.42164334654808
2043.70413009066	0.422573775053024
2044.18621384372	0.423434942960739
2044.66829759678	0.424216419458389
2045.15038134983	0.424899905920029
2045.63246510289	0.425470679998398
2046.11454885595	0.425928682088852
2046.59663260901	0.426292419433594
2047.07871636207	0.426593661308289
2047.56080011512	0.426864981651306
2048.04288386818	0.427127480506897
2048.52496762124	0.427384287118912
2049.0070513743	0.427622973918915
2049.48913512736	0.427824825048447
2049.97121888041	0.427975386381149
2050.45330263347	0.428070574998856
2050.93538638653	0.428115695714951
2051.41747013959	0.428119122982025
2051.89955389265	0.428084969520569
2052.3816376457	0.428009837865829
2052.86372139876	0.427884995937347
2053.34580515182	0.427702695131302
2053.82788890488	0.427462249994278
2054.30997265794	0.427171021699905
2054.79205641099	0.426841169595718
2055.27414016405	0.426482170820236
2055.75622391711	0.426095008850098
2056.23830767017	0.425671011209488
2056.72039142323	0.425196290016174
2057.20247517628	0.424658805131912
2057.68455892934	0.42405366897583
2058.1666426824	0.42338365316391
2058.64872643546	0.422654330730438
2059.13081018852	0.421867549419403
2059.61289394157	0.421017855405807
2060.09497769463	0.420094549655914
2060.57706144769	0.419089555740356
2061.05914520075	0.41800594329834
2061.54122895381	0.416862398386002
2062.02331270686	0.415689915418625
2062.50539645992	0.414521038532257
2062.98748021298	0.413377314805984
2063.46956396604	0.412260234355927
2063.9516477191	0.411151230335236
2064.43373147215	0.410020381212234
2064.91581522521	0.408839792013168
2065.39789897827	0.407595157623291
2065.87998273133	0.406289875507355
2066.36206648439	0.404940485954285
2066.84415023744	0.403567016124725
2067.3262339905	0.40218386054039
2067.80831774356	0.400797098875046
2068.29040149662	0.399404168128967
2068.77248524968	0.39800438284874
2069.25456900273	0.396600842475891
2069.73665275579	0.395200788974762
2070.21873650885	0.393810331821442
2070.70082026191	0.392427712678909
2071.18290401497	0.391040205955505
2071.66498776802	0.389627635478973
2072.14707152108	0.388171553611755
2072.62915527414	0.386665552854538
2073.1112390272	0.385120421648026
2073.59332278026	0.383561044931412
2074.07540653331	0.38201567530632
2074.55749028637	0.380503416061401
2075.03957403943	0.379026383161545
2075.52165779249	0.377571225166321
2076.00374154555	0.376119166612625
2076.4858252986	0.374658912420273
2076.96790905166	0.373195141553879
2077.44999280472	0.371747493743896
2077.93207655778	0.370340466499329
2078.41416031084	0.368989616632462
2078.89624406389	0.367692023515701
2079.37832781695	0.366426914930344
2079.86041157001	0.365166306495667
2080.34249532307	0.363890260457993
2080.82457907613	0.362598538398743
2081.30666282918	0.3613121509552
2081.78874658224	0.360063523054123
2082.2708303353	0.358881413936615
2082.75291408836	0.357774943113327
2083.23499784142	0.356733053922653
2083.71708159447	0.355729430913925
2084.19916534753	0.354737490415573
2084.68124910059	0.353744268417358
2085.16333285365	0.352755904197693
2085.64541660671	0.351792305707932
2086.12750035976	0.350874394178391
2086.60958411282	0.350010991096497
2087.09166786588	0.349192976951599
2087.57375161894	0.348397642374039
2088.055835372	0.347600489854813
2088.53791912505	0.346788048744202
2089.02000287811	0.345964461565018
2089.50208663117	0.345148712396622
2089.98417038423	0.344364136457443
2090.46625413729	0.343626707792282
2090.94833789034	0.342938184738159
2091.4304216434	0.342287987470627
2091.91250539646	0.341661721467972
2092.39458914952	0.341051012277603
2092.87667290258	0.34045884013176
2093.35875665563	0.339897125959396
2093.84084040869	0.339378356933594
2094.32292416175	0.338906347751617
2094.80500791481	0.338472157716751
2095.28709166787	0.33805713057518
2095.76917542092	0.337642043828964
2096.25125917398	0.337217181921005
2096.73334292704	0.336787641048431
2097.2154266801	0.33636999130249
2097.69751043316	0.33598467707634
2098.17959418621	0.335645109415054
2098.66167793927	0.335351675748825
2099.14376169233	0.335092067718506
2099.62584544539	0.334847152233124
2100.10792919845	0.334600359201431
2100.5900129515	0.334343999624252
2101.07209670456	0.334079802036285
2101.55418045762	0.333814710378647
2102.03626421068	0.333555191755295
2102.51834796374	0.333304136991501
2103.00043171679	0.333062291145325
2103.48251546985	0.332833021879196
2103.96459922291	0.33262687921524
2104.44668297597	0.332462012767792
2104.92876672903	0.33235976099968
2105.41085048208	0.332336634397507
2105.89293423514	0.332397758960724
2106.3750179882	0.332534670829773
2106.85710174126	0.332729756832123
2107.33918549432	0.33296412229538
2107.82126924737	0.333225250244141
2108.30335300043	0.333509832620621
2108.78543675349	0.333820551633835
2109.26752050655	0.334159165620804
2109.74960425961	0.33452033996582
2110.23168801266	0.334890604019165
2110.71377176572	0.335253328084946
2111.19585551878	0.335598438978195
2111.67793927184	0.335929661989212
2112.1600230249	0.336267292499542
2112.64210677795	0.336643010377884
2113.12419053101	0.337089002132416
2113.60627428407	0.337626695632935
2114.08835803713	0.338259547948837
2114.57044179019	0.33897340297699
2115.05252554324	0.33974289894104
2115.5346092963	0.340540379285812
2116.01669304936	0.341343134641647
2116.49877680242	0.342136472463608
2116.98086055548	0.342912673950195
2117.46294430853	0.343668669462204
2117.94502806159	0.344404846429825
2118.42711181465	0.345125913619995
2118.90919556771	0.345842987298965
2119.39127932077	0.346573859453201
2119.87336307382	0.347339957952499
2120.35544682688	0.34815987944603
2120.83753057994	0.349042594432831
2121.319614333	0.349983781576157
2121.80169808606	0.350967615842819
2122.28378183911	0.351973921060562
2122.76586559217	0.352987021207809
2123.24794934523	0.354001730680466
2123.73003309829	0.355023086071014
2124.21211685135	0.356060087680817
2124.6942006044	0.357117027044296
2125.17628435746	0.358186334371567
2125.65836811052	0.359250843524933
2126.14045186358	0.360287308692932
2126.62253561664	0.361278504133224
2127.10461936969	0.362221240997314
2127.58670312275	0.36312860250473
2128.06878687581	0.364024728536606
2128.55087062887	0.364935427904129
2129.03295438193	0.365878820419312
2129.51503813498	0.366860926151276
2129.99712188804	0.367877036333084
2130.4792056411	0.368918180465698
2130.96128939416	0.36997726559639
2131.44337314722	0.371051669120789
2131.92545690027	0.372141450643539
2132.40754065333	0.373244643211365
2132.88962440639	0.374353498220444
2133.37170815945	0.375454723834991
2133.85379191251	0.376533985137939
2134.33587566556	0.377582252025604
2134.81795941862	0.378600060939789
2135.30004317168	0.37959697842598
2135.78212692474	0.380586385726929
2136.2642106778	0.381577998399734
2136.74629443085	0.382573157548904
2137.22837818391	0.383564829826355
2137.71046193697	0.384543061256409
2138.19254569003	0.385501623153687
2138.67462944308	0.386442452669144
2139.15671319614	0.387374043464661
2139.6387969492	0.388304442167282
2140.12088070226	0.38923516869545
2140.60296445532	0.390154033899307
2141.08504820838	0.391039431095123
2141.56713196143	0.391868323087692
2142.04921571449	0.392626583576202
2142.53129946755	0.393316030502319
2143.01338322061	0.393953591585159
2143.49546697367	0.394563853740692
2143.97755072672	0.395168215036392
2144.45963447978	0.395776659250259
2144.94171823284	0.396386414766312
2145.4238019859	0.396987348794937
2145.90588573896	0.397569984197617
2146.38796949201	0.398131400346756
2146.87005324507	0.398674100637436
2147.35213699813	0.399199306964874
2147.83422075119	0.399698108434677
2148.31630450425	0.400147676467896
2148.7983882573	0.400515735149384
2149.28047201036	0.400773018598557
2149.76255576342	0.400908142328262
2150.24463951648	0.400936633348465
2150.72672326953	0.400899052619934
2151.20880702259	0.400846928358078
2151.69089077565	0.400822818279266
2152.17297452871	0.400842785835266
2152.65505828177	0.400889962911606
2153.13714203483	0.400921940803528
2153.61922578788	0.400888621807098
2154.10130954094	0.400752395391464
2154.583393294	0.40050145983696
2155.06547704706	0.400151908397675
2155.54756080012	0.399737805128098
2156.02964455317	0.399295628070831
2156.51172830623	0.398850321769714
2156.99381205929	0.398408383131027
2157.47589581235	0.397959500551224
2157.95797956541	0.397483944892883
2158.44006331846	0.396960765123367
2158.92214707152	0.396373212337494
2159.40423082458	0.395710647106171
2159.88631457764	0.394968122243881
2160.3683983307	0.394146382808685
2160.85048208375	0.393253743648529
2161.33256583681	0.392307877540588
2161.81464958987	0.391336023807526
2162.29673334293	0.390370517969131
2162.77881709598	0.389440178871155
2163.26090084904	0.38856053352356
2163.7429846021	0.387727439403534
2164.22506835516	0.386917889118195
2164.70715210822	0.386098682880402
2165.18923586127	0.385239392518997
2165.67131961433	0.384324222803116
2166.15340336739	0.383356899023056
2166.63548712045	0.382357180118561
2167.11757087351	0.381350517272949
2167.59965462657	0.380356580018997
2168.08173837962	0.379382371902466
2168.56382213268	0.378420323133469
2169.04590588574	0.377457767724991
2169.5279896388	0.376483857631683
2170.01007339185	0.375496745109558
2170.49215714491	0.374504655599594
2170.97424089797	0.373521983623505
2171.45632465103	0.372563034296036
2171.93840840409	0.371636956930161
2172.42049215714	0.370746701955795
2172.9025759102	0.369890868663788
2173.38465966326	0.369066417217255
2173.86674341632	0.368269741535187
2174.34882716938	0.367495149374008
2174.83091092243	0.366732329130173
2175.31299467549	0.365965664386749
2175.79507842855	0.365177750587463
2176.27716218161	0.364356845617294
2176.75924593467	0.363505482673645
2177.24132968772	0.362645208835602
2177.72341344078	0.361814647912979
2178.20549719384	0.36106014251709
2178.6875809469	0.360422134399414
2179.16966469996	0.359923005104065
2179.65174845301	0.359561145305634
2180.13383220607	0.359313786029816
2180.61591595913	0.359146356582642
2181.09799971219	0.359024226665497
2181.58008346525	0.358921587467194
2182.0621672183	0.358824908733368
2182.54425097136	0.358731150627136
2183.02633472442	0.35864332318306
2183.50841847748	0.358567446470261
2183.99050223054	0.358511924743652
2184.47258598359	0.358488768339157
2184.95466973665	0.358514577150345
2185.43675348971	0.358608394861221
2185.91883724277	0.35878649353981
2186.40092099583	0.359055876731873
2186.88300474888	0.359410256147385
2187.36508850194	0.35983070731163
2187.847172255	0.36029177904129
2188.32925600806	0.360769867897034
2188.81133976112	0.361250102519989
2189.29342351417	0.361728131771088
2189.77550726723	0.362206518650055
2190.25759102029	0.36268812417984
2190.73967477335	0.363170802593231
2191.22175852641	0.363646507263184
2191.70384227946	0.364105880260468
2192.18592603252	0.36454451084137
2192.66800978558	0.36496764421463
2193.15009353864	0.365388929843903
2193.6321772917	0.365823835134506
2194.11426104475	0.366280138492584
2194.59634479781	0.366751462221146
2195.07842855087	0.367217361927032
2195.56051230393	0.367651015520096
2196.04259605699	0.368031054735184
2196.52467981004	0.368351340293884
2197.0067635631	0.368623673915863
2197.48884731616	0.368872255086899
2197.97093106922	0.369120806455612
2198.45301482228	0.369380712509155
2198.93509857533	0.369644731283188
2199.41718232839	0.369889378547668
2199.89926608145	0.370085209608078
2200.38134983451	0.370209515094757
2200.86343358757	0.370255559682846
2201.34551734062	0.370234489440918
2201.82760109368	0.370169848203659
2202.30968484674	0.370087802410126
2202.7917685998	0.37000834941864
2203.27385235286	0.369941085577011
2203.75593610591	0.369886040687561
2204.23801985897	0.369838267564774
2204.72010361203	0.369792371988297
2205.20218736509	0.369744509458542
2205.68427111815	0.36969193816185
2206.1663548712	0.369630634784698
2206.64843862426	0.369554400444031
2207.13052237732	0.369455695152283
2207.61260613038	0.369328200817108
2208.09468988344	0.369169533252716
2208.57677363649	0.368981868028641
2209.05885738955	0.368770033121109
2209.54094114261	0.368538558483124
2210.02302489567	0.36828938126564
2210.50510864873	0.368022292852402
2210.98719240178	0.367738008499146
2211.46927615484	0.367441743612289
2211.9513599079	0.367145657539368
2212.43344366096	0.366867005825043
2212.91552741402	0.366622895002365
2213.39761116707	0.366424292325974
2213.87969492013	0.36627197265625
2214.36177867319	0.36615726351738
2214.84386242625	0.366066962480545
2215.32594617931	0.36598989367485
2215.80802993236	0.365922093391418
2216.29011368542	0.365867108106613
2216.77219743848	0.365832269191742
2217.25428119154	0.365822911262512
2217.7363649446	0.365838259458542
2218.21844869765	0.365871727466583
2218.70053245071	0.365915358066559
2219.18261620377	0.365965723991394
2219.66469995683	0.36602771282196
2220.14678370989	0.366113543510437
2220.62886746294	0.366237133741379
2221.110951216	0.366407245397568
2221.59303496906	0.366622895002365
2222.07511872212	0.366874247789383
2222.55720247518	0.367148607969284
2223.03928622823	0.36743751168251
2223.52136998129	0.36774155497551
2224.00345373435	0.368069171905518
2224.48553748741	0.368430137634277
2224.96762124047	0.36882746219635
2225.44970499352	0.369252055883408
2225.93178874658	0.369685173034668
2226.41387249964	0.370104998350143
2226.8959562527	0.37049788236618
2227.37804000576	0.370865315198898
2227.86012375881	0.371223956346512
2228.34220751187	0.371598035097122
2228.82429126493	0.37200802564621
2229.30637501799	0.372461378574371
2229.78845877105	0.372950285673141
2230.2705425241	0.373458325862885
2230.75262627716	0.373969972133636
2231.23471003022	0.374480098485947
2231.71679378328	0.374996989965439
2232.19887753634	0.375538736581802
2232.68096128939	0.376124292612076
2233.16304504245	0.376764386892319
2233.64512879551	0.377457320690155
2234.12721254857	0.378191262483597
2234.60929630163	0.378951758146286
2235.09138005468	0.379729241132736
2235.57346380774	0.380522578954697
2236.0555475608	0.381336271762848
2236.53763131386	0.382173031568527
2237.01971506692	0.383026391267776
2237.50179881997	0.383878111839294
2237.98388257303	0.384702354669571
2238.46596632609	0.385475248098373
2238.94805007915	0.386184871196747
2239.43013383221	0.386836916208267
2239.91221758526	0.38745242357254
2240.39430133832	0.388060569763184
2240.87638509138	0.3886858522892
2241.35846884444	0.389340668916702
2241.8405525975	0.390022814273834
2242.32263635055	0.390718966722488
2242.80472010361	0.391412138938904
2243.28680385667	0.392088532447815
2243.76888760973	0.392741233110428
2244.25097136279	0.393369644880295
2244.73305511584	0.393976986408234
2245.2151388689	0.394567489624023
2245.69722262196	0.395145624876022
2246.17930637502	0.395716369152069
2246.66139012808	0.396285355091095
2247.14347388113	0.396857261657715
2247.62555763419	0.397432237863541
2248.10764138725	0.398002058267593
2248.58972514031	0.398549169301987
2249.07180889337	0.399050176143646
2249.55389264642	0.399483531713486
2250.03597639948	0.399837881326675
2250.51806015254	0.400117754936218
2251.0001439056	0.400342345237732
2251.48222765866	0.400538086891174
2251.96431141171	0.400727778673172
2252.44639516477	0.400921791791916
2252.92847891783	0.401115298271179
2253.41056267089	0.401292860507965
2253.89264642395	0.401437908411026
2254.374730177	0.401542067527771
2254.85681393006	0.401608616113663
2255.33889768312	0.40164914727211
2255.82098143618	0.401674926280975
2256.30306518924	0.401687979698181
2256.78514894229	0.401676923036575
2257.26723269535	0.401620626449585
2257.74931644841	0.40149775147438
2258.23140020147	0.401297479867935
2258.71348395453	0.40102607011795
2259.19556770758	0.400705456733704
2259.67765146064	0.400364637374878
2260.1597352137	0.400027930736542
2260.64181896676	0.399705290794373
2261.12390271982	0.399389326572418
2261.60598647287	0.399059295654297
2262.08807022593	0.398689955472946
2262.57015397899	0.398260682821274
2263.05223773205	0.397760897874832
2263.53432148511	0.397190660238266
2264.01640523816	0.396557450294495
2264.49848899122	0.395871847867966
2264.98057274428	0.395144730806351
2265.46265649734	0.394386857748032
2265.9447402504	0.393609672784805
2266.42682400345	0.392825394868851
2266.90890775651	0.392045587301254
2267.39099150957	0.391277849674225
2267.87307526263	0.390522718429565
2268.35515901569	0.389773070812225
2268.83724276874	0.389014810323715
2269.3193265218	0.388233542442322
2269.80141027486	0.387417852878571
2270.28349402792	0.386562645435333
2270.76557778098	0.385669082403183
2271.24766153403	0.384742200374603
2271.72974528709	0.383788079023361
2272.21182904015	0.382812023162842
2272.69391279321	0.381818622350693
2273.17599654627	0.380812913179398
2273.65808029932	0.379800647497177
2274.14016405238	0.378786653280258
2274.62224780544	0.377771824598312
2275.1043315585	0.376750260591507
2275.58641531156	0.375708758831024
2276.06849906461	0.374630481004715
2276.55058281767	0.373501121997833
2277.03266657073	0.372315376996994
2277.51475032379	0.371079951524734
2277.99683407685	0.369811415672302
2278.4789178299	0.368529111146927
2278.96100158296	0.367246985435486
2279.44308533602	0.36596816778183
2279.92516908908	0.364685356616974
2280.40725284214	0.363386958837509
2280.88933659519	0.362065732479095
2281.37142034825	0.360725671052933
2281.85350410131	0.359383016824722
2282.33558785437	0.358061045408249
2282.81767160743	0.356781631708145
2283.29975536048	0.355554521083832
2283.78183911354	0.354377388954163
2284.2639228666	0.353236705064774
2284.74600661966	0.352115124464035
2285.22809037272	0.350999623537064
2285.71017412577	0.34988608956337
2286.19225787883	0.348778605461121
2286.67434163189	0.34768483042717
2287.15642538495	0.346610635519028
2287.63850913801	0.345557510852814
2288.12059289106	0.344524502754211
2288.60267664412	0.343513131141663
2289.08476039718	0.342532217502594
2289.56684415024	0.341598808765411
2290.0489279033	0.340734124183655
2290.53101165635	0.339955538511276
2291.01309540941	0.339269042015076
2291.49517916247	0.338665693998337
2291.97726291553	0.338124066591263
2292.45934666859	0.337618410587311
2292.94143042164	0.337128162384033
2293.4235141747	0.336644858121872
2293.90559792776	0.336173892021179
2294.38768168082	0.33573055267334
2294.86976543388	0.335333287715912
2295.35184918693	0.334996968507767
2295.83393293999	0.334729254245758
2296.31601669305	0.334529966115952
2296.79810044611	0.334392577409744
2297.28018419916	0.334305226802826
2297.76226795222	0.334252208471298
2298.24435170528	0.334213644266129
2298.72643545834	0.334167331457138
2299.2085192114	0.334092944860458
2299.69060296446	0.333978950977325
2300.17268671751	0.333828240633011
2300.65477047057	0.333660811185837
2301.13685422363	0.333509922027588
2301.61893797669	0.333412051200867
2302.10102172975	0.333394408226013
2302.5831054828	0.333464652299881
2303.06518923586	0.333607703447342
2303.54727298892	0.333790987730026
2304.02935674198	0.333975553512573
2304.51144049504	0.334128618240356
2304.99352424809	0.334232032299042
2305.47560800115	0.334284216165543
2305.95769175421	0.334295660257339
2306.43977550727	0.334281384944916
2306.92185926033	0.334254294633865
2307.40394301338	0.334222406148911
2307.88602676644	0.334190219640732
2308.3681105195	0.334162354469299
2308.85019427256	0.334146022796631
2309.33227802561	0.334150701761246
2309.81436177867	0.334184587001801
2310.29644553173	0.334250718355179
2310.77852928479	0.334345191717148
2311.26061303785	0.334459692239761
2311.74269679091	0.334586888551712
2312.22478054396	0.334726452827454
2312.70686429702	0.33488717675209
2313.18894805008	0.335083961486816
2313.67103180314	0.335330098867416
2314.1531155562	0.335629552602768
2314.63519930925	0.335972607135773
2315.11728306231	0.336338728666306
2315.59936681537	0.336703211069107
2316.08145056843	0.337046355009079
2316.56353432149	0.337359488010406
2317.04561807454	0.337646335363388
2317.5277018276	0.337919741868973
2318.00978558066	0.33819654583931
2318.49186933372	0.338493764400482
2318.97395308678	0.338827401399612
2319.45603683983	0.339213252067566
2319.93812059289	0.339666754007339
2320.42020434595	0.340199649333954
2320.90228809901	0.340813279151917
2321.38437185206	0.341491132974625
2321.86645560512	0.342196553945541
2322.34853935818	0.342878937721252
2322.83062311124	0.343488603830338
2323.3127068643	0.343994736671448
2323.79479061735	0.344397932291031
2324.27687437041	0.34472993016243
2324.75895812347	0.345040500164032
2325.24104187653	0.345376700162888
2325.72312562959	0.345764666795731
2326.20520938265	0.346201747655869
2326.6872931357	0.346662133932114
2327.16937688876	0.347112029790878
2327.65146064182	0.347527593374252
2328.13354439488	0.347906917333603
2328.61562814794	0.348270893096924
2329.09771190099	0.348652422428131
2329.57979565405	0.349079787731171
2330.06187940711	0.349562227725983
2330.54396316017	0.350086182355881
2331.02604691322	0.350623279809952
2331.50813066628	0.351146936416626
2331.99021441934	0.351647406816483
2332.4722981724	0.352137506008148
2332.95438192546	0.352647364139557
2333.43646567851	0.353211730718613
2333.91854943157	0.353857129812241
2334.40063318463	0.354594379663467
2334.88271693769	0.355417937040329
2335.36480069075	0.356311619281769
2335.8468844438	0.357256442308426
2336.32896819686	0.358237415552139
2336.81105194992	0.359245747327805
2337.29313570298	0.360275208950043
2337.77521945604	0.361315101385117
2338.25730320909	0.362343937158585
2338.73938696215	0.363328248262405
2339.22147071521	0.364226758480072
2339.70355446827	0.36499759554863
2340.18563822133	0.365608155727386
2340.66772197438	0.366043895483017
2341.14980572744	0.366320252418518
2341.6318894805	0.366485238075256
2342.11397323356	0.366605967283249
2342.59605698662	0.366741061210632
2343.07814073967	0.36691951751709
2343.56022449273	0.367143034934998
2344.04230824579	0.367408394813538
2344.52439199885	0.367729395627975
2345.00647575191	0.368139058351517
2345.48855950496	0.368668973445892
2345.97064325802	0.369325965642929
2346.45272701108	0.370088666677475
2346.93481076414	0.370923846960068
2347.4168945172	0.37180483341217
2347.89897827025	0.372718751430511
2348.38106202331	0.373661786317825
2348.86314577637	0.374627977609634
2349.34522952943	0.375597327947617
2349.82731328249	0.376528650522232
2350.30939703554	0.377361804246902
2350.7914807886	0.378033012151718
2351.27356454166	0.378503084182739
2351.75564829472	0.378789067268372
2352.23773204778	0.378978222608566
2352.71981580083	0.379203289747238
2353.20189955389	0.379582852125168
2353.68398330695	0.380163133144379
2354.16606706001	0.380902409553528
2354.64815081307	0.381703615188599
2355.13023456612	0.382475435733795
2355.61231831918	0.383177131414413
2356.09440207224	0.383829981088638
2356.5764858253	0.384491115808487
2357.05856957836	0.385207831859589
2357.54065333141	0.385978758335114
2358.02273708447	0.386744767427444
2358.50482083753	0.3874192237854
2358.98690459059	0.387940168380737
2359.46898834365	0.388312876224518
2359.9510720967	0.388618737459183
2360.43315584976	0.388977408409119
2360.91523960282	0.38947257399559
2361.39732335588	0.390101701021194
2361.87940710894	0.390792459249496
2362.36149086199	0.391462534666061
2362.84357461505	0.392070740461349
2363.32565836811	0.392635196447372
2363.80774212117	0.393214017152786
2364.28982587423	0.393861413002014
2364.77190962728	0.394590198993683
2365.25399338034	0.395366460084915
2365.7360771334	0.396134614944458
2366.21816088646	0.396849393844604
2366.70024463952	0.397497087717056
2367.18232839257	0.398098200559616
2367.66441214563	0.398692816495895
2368.14649589869	0.399318546056747
2368.62857965175	0.39999195933342
2369.11066340481	0.400709718465805
2369.59274715786	0.401451736688614
2370.07483091092	0.402200043201447
2370.55691466398	0.402947157621384
2371.03899841704	0.403696537017822
2371.5210821701	0.404454380273819
2372.00316592315	0.405219703912735
2372.48524967621	0.40597876906395
2372.96733342927	0.406708270311356
2373.44941718233	0.407385021448135
2373.93150093539	0.407996892929077
2374.41358468844	0.408548682928085
2374.8956684415	0.409059971570969
2375.37775219456	0.409554839134216
2375.85983594762	0.410049259662628
2376.34191970068	0.410540789365768
2376.82400345373	0.411009341478348
2377.30608720679	0.411421090364456
2377.78817095985	0.411740869283676
2378.27025471291	0.411943942308426
2378.75233846597	0.412023365497589
2379.23442221902	0.411990642547607
2379.71650597208	0.41187047958374
2380.19858972514	0.411692410707474
2380.6806734782	0.411482363939285
2381.16275723126	0.411256551742554
2381.64484098431	0.411018908023834
2382.12692473737	0.410761296749115
2382.60900849043	0.410465955734253
2383.09109224349	0.410110294818878
2383.57317599655	0.409671097993851
2384.0552597496	0.409130543470383
2384.53734350266	0.408480614423752
2385.01942725572	0.407725632190704
2385.50151100878	0.406881600618362
2385.98359476184	0.405972629785538
2386.46567851489	0.40502467751503
2386.94776226795	0.404059052467346
2387.42984602101	0.403087586164474
2387.91192977407	0.402111291885376
2388.39401352713	0.401122868061066
2388.87609728018	0.400111258029938
2389.35818103324	0.399066418409348
2389.8402647863	0.397982358932495
2390.32234853936	0.396857589483261
2390.80443229242	0.395693928003311
2391.28651604547	0.394494891166687
2391.76859979853	0.393265187740326
2392.25068355159	0.392011731863022
2392.73276730465	0.390744417905807
2393.21485105771	0.389475882053375
2393.69693481076	0.388218611478806
2394.17901856382	0.386980265378952
2394.66110231688	0.385759353637695
2395.14318606994	0.384543597698212
2395.625269823	0.3833127617836
2396.10735357605	0.382045328617096
2396.58943732911	0.380726605653763
2397.07152108217	0.379354804754257
2397.55360483523	0.377939283847809
2398.03568858829	0.376499801874161
2398.51777234134	0.375056087970734
2398.9998560944	0.373621582984924
2399.48193984746	0.372200042009354
2399.96402360052	0.370787292718887
2400.44610735358	0.369373083114624
2400.92819110663	0.367955505847931
2401.41027485969	0.366536170244217
2401.89235861275	0.365120053291321
2402.37444236581	0.363711208105087
2402.85652611887	0.362309098243713
2403.33860987192	0.360908091068268
2403.82069362498	0.359500885009766
2404.30277737804	0.358084052801132
2404.7848611311	0.356662750244141
2405.26694488416	0.355251520872116
2405.74902863721	0.353870421648026
2406.23111239027	0.352538079023361
2406.71319614333	0.351265072822571
2407.19527989639	0.350050926208496
2407.67736364945	0.348885625600815
2408.1594474025	0.347755134105682
2408.64153115556	0.346647351980209
2409.12361490862	0.345555484294891
2409.60569866168	0.344477832317352
2410.08778241474	0.343414902687073
2410.56986616779	0.342366188764572
2411.05194992085	0.341329336166382
2411.53403367391	0.340302497148514
2412.01611742697	0.339286148548126
2412.49820118003	0.338288187980652
2412.98028493308	0.337321043014526
2413.46236868614	0.336397349834442
2413.9444524392	0.335523903369904
2414.42653619226	0.334697335958481
2414.90861994532	0.333904892206192
2415.39070369837	0.333130389451981
2415.87278745143	0.332362860441208
2416.35487120449	0.331603586673737
2416.83695495755	0.330868035554886
2417.31903871061	0.330180883407593
2417.80112246366	0.329566776752472
2418.28320621672	0.329040706157684
2418.76528996978	0.328602463006973
2419.24737372284	0.32823783159256
2419.7294574759	0.327924937009811
2420.21154122895	0.327642500400543
2420.69362498201	0.327375680208206
2421.17570873507	0.327117323875427
2421.65779248813	0.326864451169968
2422.13987624119	0.326613456010818
2422.62195999424	0.326357156038284
2423.1040437473	0.326085716485977
2423.58612750036	0.325791567564011
2424.06821125342	0.325475037097931
2424.55029500648	0.325147658586502
2425.03237875953	0.324830800294876
2425.51446251259	0.324550151824951
2425.99654626565	0.324327498674393
2426.47863001871	0.324175745248795
2426.96071377177	0.324096292257309
2427.44279752482	0.324081778526306
2427.92488127788	0.324120819568634
2428.40696503094	0.324202924966812
2428.889048784	0.324321061372757
2429.37113253706	0.32447162270546
2429.85321629011	0.324652910232544
2430.33530004317	0.324863761663437
2430.81738379623	0.325103491544724
2431.29946754929	0.325372666120529
2431.78155130235	0.325673699378967
2432.2636350554	0.326009660959244
2432.74571880846	0.326381593942642
2433.22780256152	0.326785415410995
2433.70988631458	0.327210485935211
2434.19197006764	0.327641665935516
2434.67405382069	0.328064680099487
2435.15613757375	0.328472495079041
2435.63822132681	0.328869879245758
2436.12030507987	0.329273104667664
2436.60238883293	0.329704940319061
2437.08447258598	0.330185949802399
2437.56655633904	0.330726653337479
2438.0486400921	0.331323474645615
2438.53072384516	0.331960946321487
2439.01280759822	0.332617819309235
2439.49489135127	0.333275377750397
2439.97697510433	0.333922982215881
2440.45905885739	0.334561616182327
2440.94114261045	0.335199356079102
2441.42322636351	0.33584862947464
2441.90531011656	0.336521804332733
2442.38739386962	0.337229669094086
2442.86947762268	0.337981641292572
2443.35156137574	0.338786631822586
2443.8336451288	0.339652478694916
2444.31572888185	0.340583086013794
2444.79781263491	0.341574937105179
2445.27989638797	0.342614442110062
2445.76198014103	0.343679040670395
2446.24406389409	0.344742149114609
2446.72614764714	0.345780402421951
2447.2082314002	0.34678041934967
2447.69031515326	0.347741901874542
2448.17239890632	0.348675787448883
2448.65448265938	0.349598497152328
2449.13656641243	0.350525200366974
2449.61865016549	0.351465195417404
2450.10073391855	0.352420896291733
2450.58281767161	0.353390514850616
2451.06490142467	0.354371637105942
2451.54698517772	0.355363309383392
2452.02906893078	0.356365114450455
2452.51115268384	0.357374161481857
2452.9932364369	0.358381807804108
2453.47532018996	0.359373360872269
2453.95740394301	0.360331177711487
2454.43948769607	0.361240565776825
2454.92157144913	0.362097263336182
2455.40365520219	0.362907588481903
2455.88573895525	0.363687962293625
2456.3678227083	0.364457666873932
2456.84990646136	0.36523100733757
2457.33199021442	0.36601135134697
2457.81407396748	0.366790175437927
2458.29615772054	0.367550760507584
2458.77824147359	0.368274956941605
2459.26032522665	0.368949174880981
2459.74240897971	0.369567453861237
2460.22449273277	0.370130717754364
2460.70657648583	0.370643347501755
2461.18866023888	0.371109843254089
2461.67074399194	0.371533006429672
2462.152827745	0.371914893388748
2462.63491149806	0.372258812189102
2463.11699525112	0.372570753097534
2463.59907900417	0.372858673334122
2464.08116275723	0.373129665851593
2464.56324651029	0.373386293649673
2465.04533026335	0.373624473810196
2465.52741401641	0.373834073543549
2466.00949776946	0.374002456665039
2466.49158152252	0.374119311571121
2466.97366527558	0.374180197715759
2467.45574902864	0.374187886714935
2467.93783278169	0.374150365591049
2468.41991653475	0.374077409505844
2468.90200028781	0.373977273702621
2469.38408404087	0.373854875564575
2469.86616779393	0.373712182044983
2470.34825154699	0.373549222946167
2470.83033530004	0.373365014791489
2471.3124190531	0.373157173395157
2471.79450280616	0.372920840978622
2472.27658655922	0.372648328542709
2472.75867031228	0.372330188751221
2473.24075406533	0.371958464384079
2473.72283781839	0.371530771255493
2474.20492157145	0.371053278446198
2474.68700532451	0.370540648698807
2475.16908907757	0.370012611150742
2475.65117283062	0.369488179683685
2476.13325658368	0.368980377912521
2476.61534033674	0.36849370598793
2477.0974240898	0.368025213479996
2477.57950784286	0.367568343877792
2478.06159159591	0.367117196321487
2478.54367534897	0.36666864156723
2479.02575910203	0.366221249103546
2479.50784285509	0.365772515535355
2479.98992660814	0.365316033363342
2480.4720103612	0.36484158039093
2480.95409411426	0.364338606595993
2481.43617786732	0.363801509141922
2481.91826162038	0.363233774900436
2482.40034537343	0.362647950649261
2482.88242912649	0.362061083316803
2483.36451287955	0.361485451459885
2483.84659663261	0.360922783613205
2484.32868038567	0.360360592603683
2484.81076413873	0.359776526689529
2485.29284789178	0.359147638082504
2485.77493164484	0.358461052179337
2486.2570153979	0.357720583677292
2486.73909915096	0.35694608092308
2487.22118290402	0.356165170669556
2487.70326665707	0.355401277542114
2488.18535041013	0.354663044214249
2488.66743416319	0.353940010070801
2489.14951791625	0.35320645570755
2489.6316016693	0.352431774139404
2490.11368542236	0.351592600345612
2490.59576917542	0.350681692361832
2491.07785292848	0.349710315465927
2491.55993668154	0.348703384399414
2492.04202043459	0.347690433263779
2492.52410418765	0.346695989370346
2493.00618794071	0.345733106136322
2493.48827169377	0.344801992177963
2493.97035544683	0.343892455101013
2494.45243919988	0.342989146709442
2494.93452295294	0.342076629400253
2495.416606706	0.341143131256104
2495.89869045906	0.340182274580002
2496.38077421212	0.339193642139435
2496.86285796517	0.338182151317596
2497.34494171823	0.337157487869263
2497.82702547129	0.336130827665329
2498.30910922435	0.33511608839035
2498.79119297741	0.334125965833664
2499.27327673047	0.333170831203461
2499.75536048352	0.332258015871048
2500.23744423658	0.331391632556915
2500.71952798964	0.330573320388794
2501.2016117427	0.32980278134346
2501.68369549575	0.329077810049057
2502.16577924881	0.328394055366516
2502.64786300187	0.327744871377945
2503.12994675493	0.327122032642365
2503.61203050799	0.326518148183823
2504.09411426104	0.325929462909698
2504.5761980141	0.325358480215073
2505.05828176716	0.324814289808273
2505.54036552022	0.324310570955276
2506.02244927328	0.323861122131348
2506.50453302633	0.323475360870361
2506.98661677939	0.323155373334885
2507.46870053245	0.322896331548691
2507.95078428551	0.322689831256866
2508.43286803857	0.322528779506683
2508.91495179162	0.322410851716995
2509.39703554468	0.322339236736298
2509.87911929774	0.322320133447647
2510.3612030508	0.322358280420303
2510.84328680386	0.322453379631042
2511.32537055691	0.322599411010742
2511.80745430997	0.322786629199982
2512.28953806303	0.323006123304367
2512.77162181609	0.323252826929092
2513.25370556915	0.323526561260223
2513.7357893222	0.323829859495163
2514.21787307526	0.324163764715195
2514.69995682832	0.324524432420731
2515.18204058138	0.324902683496475
2515.66412433444	0.325286895036697
2516.14620808749	0.325667887926102
2516.62829184055	0.326042860746384
2517.11037559361	0.326416432857513
2517.59245934667	0.326797217130661
2518.07454309973	0.327192217111588
2518.55662685278	0.327601462602615
2519.03871060584	0.328015744686127
2519.5207943589	0.328419268131256
2520.00287811196	0.328795462846756
2520.48496186502	0.329133540391922
2520.96704561807	0.329432457685471
2521.44912937113	0.329700231552124
2521.93121312419	0.329949557781219
2522.41329687725	0.330191522836685
2522.89538063031	0.330431163311005
2523.37746438336	0.33066663146019
2523.85954813642	0.330891907215118
2524.34163188948	0.331101655960083
2524.82371564254	0.331294894218445
2525.3057993956	0.331475734710693
2525.78788314865	0.331650942564011
2526.26996690171	0.331825941801071
2526.75205065477	0.332000911235809
2527.23413440783	0.332170188426971
2527.71621816089	0.332324415445328
2528.19830191394	0.33245450258255
2528.680385667	0.332555651664734
2529.16246942006	0.332629442214966
2529.64455317312	0.332683503627777
2530.12663692618	0.332729637622833
2530.60872067923	0.3327816426754
2531.09080443229	0.332853645086288
2531.57288818535	0.332959592342377
2532.05497193841	0.333112746477127
2532.53705569147	0.333324134349823
2533.01913944452	0.333600223064423
2533.50122319758	0.333940058946609
2533.98330695064	0.334333419799805
2534.4653907037	0.334761887788773
2534.94747445676	0.335202753543854
2535.42955820981	0.335635095834732
2535.91164196287	0.336045414209366
2536.39372571593	0.33643114566803
2536.87580946899	0.336800217628479
2537.35789322205	0.337167412042618
2537.8399769751	0.337548911571503
2538.32206072816	0.33795753121376
2538.80414448122	0.338400036096573
2539.28622823428	0.338876932859421
2539.76831198734	0.339383959770203
2540.25039574039	0.339913547039032
2540.73247949345	0.340457290410995
2541.21456324651	0.341004818677902
2541.69664699957	0.341545581817627
2542.17873075263	0.342069834470749
2542.66081450568	0.342570781707764
2543.14289825874	0.343046456575394
2543.6249820118	0.343500643968582
2544.10706576486	0.34394183754921
2544.58914951792	0.344380170106888
2545.07123327097	0.344823777675629
2545.55331702403	0.345276385545731
2546.03540077709	0.345737010240555
2546.51748453015	0.34620189666748
2546.99956828321	0.346667557954788
2547.48165203626	0.34713277220726
2547.96373578932	0.347598344087601
2548.44581954238	0.348065048456192
2548.92790329544	0.348530828952789
2549.4099870485	0.348989725112915
2549.89207080155	0.349433958530426
2550.37415455461	0.349858552217484
2550.85623830767	0.350266456604004
2551.33832206073	0.350671380758286
2551.82040581379	0.351095944643021
2552.30248956684	0.351565062999725
2552.7845733199	0.352097302675247
2553.26665707296	0.352697521448135
2553.74874082602	0.353354245424271
2554.23082457908	0.354043304920197
2554.71290833213	0.354735672473907
2555.19499208519	0.355408012866974
2555.67707583825	0.356047540903091
2556.15915959131	0.356654703617096
2556.64124334437	0.357239454984665
2557.12332709742	0.357814967632294
2557.60541085048	0.358391791582108
2558.08749460354	0.358974725008011
2558.5695783566	0.359563320875168
2559.05166210966	0.360154449939728
2559.53374586271	0.36074510216713
2560.01582961577	0.36133348941803
2560.49791336883	0.361918777227402
2560.97999712189	0.362499833106995
2561.46208087495	0.363074690103531
2561.944164628	0.363641887903214
2562.42624838106	0.364202499389648
2562.90833213412	0.364761561155319
2563.39041588718	0.36532786488533
2563.87249964024	0.365910708904266
2564.35458339329	0.366515278816223
2564.83666714635	0.367138981819153
2565.31875089941	0.367770284414291
2565.80083465247	0.368391841650009
2566.28291840553	0.368986338376999
2566.76500215858	0.369542270898819
2567.24708591164	0.370057851076126
2567.7291696647	0.370540350675583
2568.21125341776	0.371002018451691
2568.69333717082	0.371454268693924
2569.17542092387	0.371904343366623
2569.65750467693	0.372352540493011
2570.13958842999	0.372795164585114
2570.62167218305	0.373227387666702
2571.10375593611	0.373645812273026
2571.58583968916	0.37404865026474
2572.06792344222	0.374433547258377
2572.55000719528	0.37479504942894
2573.03209094834	0.375123530626297
2573.5141747014	0.375406950712204
2573.99625845445	0.375635266304016
2574.47834220751	0.375805228948593
2574.96042596057	0.375923246145248
2575.44250971363	0.376004487276077
2575.92459346669	0.376068443059921
2576.40667721974	0.376132518053055
2576.8887609728	0.376206696033478
2577.37084472586	0.376291394233704
2577.85292847892	0.376378774642944
2578.33501223198	0.376457273960114
2578.81709598503	0.376516222953796
2579.29917973809	0.376549184322357
2579.78126349115	0.376554787158966
2580.26334724421	0.376535326242447
2580.74543099727	0.376494705677032
2581.22751475032	0.376436531543732
2581.70959850338	0.376363188028336
2582.19168225644	0.376275569200516
2582.6737660095	0.376172810792923
2583.15584976256	0.376051783561707
2583.63793351561	0.375906199216843
2584.12001726867	0.37572717666626
2584.60210102173	0.375505000352859
2585.08418477479	0.375232070684433
2585.56626852785	0.374906539916992
2586.0483522809	0.374534130096436
2586.53043603396	0.374127417802811
2587.01251978702	0.373702108860016
2587.49460354008	0.373272180557251
2587.97668729314	0.372845560312271
2588.45877104619	0.372422844171524
2588.94085479925	0.371999144554138
2589.42293855231	0.371568232774734
2589.90502230537	0.371126532554626
2590.38710605843	0.370674639940262
2590.86918981148	0.370215773582458
2591.35127356454	0.369752049446106
2591.8333573176	0.369280815124512
2592.31544107066	0.368793576955795
2592.79752482372	0.368278235197067
2593.27960857677	0.367723882198334
2593.76169232983	0.367125779390335
2594.24377608289	0.366487890481949
2594.72585983595	0.365821748971939
2595.20794358901	0.365142196416855
2595.69002734206	0.364462375640869
2596.17211109512	0.363790273666382
2596.65419484818	0.363128364086151
2597.13627860124	0.362475574016571
2597.6183623543	0.361830443143845
2598.10044610735	0.361191153526306
2598.58252986041	0.360556125640869
2599.06461361347	0.359920173883438
2599.54669736653	0.359272390604019
2600.02878111959	0.358597010374069
2600.51086487264	0.357877522706985
2600.9929486257	0.357103317975998
2601.47503237876	0.356275349855423
2601.95711613182	0.355408310890198
2602.43919988488	0.354527086019516
2602.92128363793	0.353659451007843
2603.40336739099	0.352827042341232
2603.88545114405	0.352039456367493
2604.36753489711	0.351293176412582
2604.84961865017	0.350575834512711
2605.33170240322	0.349873304367065
2605.81378615628	0.349175900220871
2606.29586990934	0.348480939865112
2606.7779536624	0.347790896892548
2607.26003741546	0.34710830450058
2607.74212116851	0.346430748701096
2608.22420492157	0.345748394727707
2608.70628867463	0.345045268535614
2609.18837242769	0.344303905963898
2609.67045618075	0.343510746955872
2610.1525399338	0.342660754919052
2610.63462368686	0.341758906841278
2611.11670743992	0.340819299221039
2611.59879119298	0.339862942695618
2612.08087494604	0.338912278413773
2612.56295869909	0.337990373373032
2613.04504245215	0.337115466594696
2613.52712620521	0.336297690868378
2614.00920995827	0.335536032915115
2614.49129371133	0.334816783666611
2614.97337746438	0.334115415811539
2615.45546121744	0.33340185880661
2615.9375449705	0.332648932933807
2616.41962872356	0.331840753555298
2616.90171247662	0.330978035926819
2617.38379622967	0.330077916383743
2617.86587998273	0.329167485237122
2618.34796373579	0.32827416062355
2618.83004748885	0.327415943145752
2619.31213124191	0.326596230268478
2619.79421499496	0.325804859399796
2620.27629874802	0.325024604797363
2620.75838250108	0.324239879846573
2621.24046625414	0.323443502187729
2621.7225500072	0.322638720273972
2622.20463376025	0.321836113929749
2622.68671751331	0.321047633886337
2623.16880126637	0.32028129696846
2623.65088501943	0.319538861513138
2624.13296877249	0.318817764520645
2624.61505252554	0.318115502595901
2625.0971362786	0.317433506250381
2625.57922003166	0.316777974367142
2626.06130378472	0.316158056259155
2626.54338753778	0.315579742193222
2627.02547129083	0.315043598413467
2627.50755504389	0.314542323350906
2627.98963879695	0.314063400030136
2628.47172255001	0.313594311475754
2628.95380630306	0.31312757730484
2629.43589005612	0.312664121389389
2629.91797380918	0.312212884426117
2630.40005756224	0.311787486076355
2630.8821413153	0.311401903629303
2631.36422506836	0.311066567897797
2631.84630882141	0.310786873102188
2632.32839257447	0.310563266277313
2632.81047632753	0.310392826795578
2633.29256008059	0.310270637273788
2633.77464383365	0.310190737247467
2634.2567275867	0.310146749019623
2634.73881133976	0.310132563114166
2635.22089509282	0.31014358997345
2635.70297884588	0.310178339481354
2636.18506259894	0.310239464044571
2636.66714635199	0.310333251953125
2637.14923010505	0.310467749834061
2637.63131385811	0.310649394989014
2638.11339761117	0.310880333185196
2638.59548136422	0.311156779527664
2639.07756511728	0.311469942331314
2639.55964887034	0.311808407306671
2640.0417326234	0.312161058187485
2640.52381637646	0.312519013881683
2641.00590012951	0.312877029180527
2641.48798388257	0.313231915235519
2641.97006763563	0.313582688570023
2642.45215138869	0.313930451869965
2642.93423514175	0.314279586076736
2643.41631889481	0.31463885307312
2643.89840264786	0.315021753311157
2644.38048640092	0.315444707870483
2644.86257015398	0.31592383980751
2645.34465390704	0.316470712423325
2645.8267376601	0.317089557647705
2646.30882141315	0.317776829004288
2646.79090516621	0.318523317575455
2647.27298891927	0.319317370653152
2647.75507267233	0.320147633552551
2648.23715642538	0.321003913879395
2648.71924017844	0.321876108646393
2649.2013239315	0.322752833366394
2649.68340768456	0.323621600866318
2650.16549143762	0.324471324682236
2650.64757519067	0.325297027826309
2651.12965894373	0.326103985309601
2651.61174269679	0.326908439397812
2652.09382644985	0.32773369550705
2652.57591020291	0.328601747751236
2653.05799395596	0.329523950815201
2653.54007770902	0.330495029687881
2654.02216146208	0.331493586301804
2654.50424521514	0.332489132881165
2654.9863289682	0.33345565199852
2655.46841272125	0.334379374980927
2655.95049647431	0.335265725851059
2656.43258022737	0.33613583445549
2656.91466398043	0.337016880512238
2657.39674773349	0.337930828332901
2657.87883148655	0.338886022567749
2658.3609152396	0.339875906705856
2658.84299899266	0.340884655714035
2659.32508274572	0.341896265745163
2659.80716649878	0.342902511358261
2660.28925025183	0.343905568122864
2660.77133400489	0.344914495944977
2661.25341775795	0.345937579870224
2661.73550151101	0.346975088119507
2662.21758526407	0.348016351461411
2662.69966901712	0.349042505025864
2663.18175277018	0.350033849477768
2663.66383652324	0.350977927446365
2664.1459202763	0.351874709129333
2664.62800402936	0.352736562490463
2665.11008778241	0.353583544492722
2665.59217153547	0.354436784982681
2666.07425528853	0.355312645435333
2666.55633904159	0.356220066547394
2667.03842279465	0.357160925865173
2667.5205065477	0.358131915330887
2668.00259030076	0.359125971794128
2668.48467405382	0.360132306814194
2668.96675780688	0.361135423183441
2669.44884155994	0.362117201089859
2669.93092531299	0.36305645108223
2670.41300906605	0.363935798406601
2670.89509281911	0.364746540784836
2671.37717657217	0.365492254495621
2671.85926032523	0.366188079118729
2672.34134407828	0.366855561733246
2672.82342783134	0.367514461278915
2673.3055115844	0.36817541718483
2673.78759533746	0.368835866451263
2674.26967909052	0.369481474161148
2674.75176284357	0.370091617107391
2675.23384659663	0.370646387338638
2675.71593034969	0.371132165193558
2676.19801410275	0.371543139219284
2676.68009785581	0.371879756450653
2677.16218160886	0.372145026922226
2677.64426536192	0.37234178185463
2678.12634911498	0.372472196817398
2678.60843286804	0.372539430856705
2679.0905166211	0.372549742460251
2679.57260037415	0.372513264417648
2680.05468412721	0.372441560029984
2680.53676788027	0.372343480587006
2681.01885163333	0.372220516204834
2681.50093538639	0.372064828872681
2681.98301913944	0.371860772371292
2682.4651028925	0.371590197086334
2682.94718664556	0.371238887310028
2683.42927039862	0.370801955461502
2683.91135415168	0.370284676551819
2684.39343790473	0.369701534509659
2684.87552165779	0.369070827960968
2685.35760541085	0.368409901857376
2685.83968916391	0.367732018232346
2686.32177291697	0.367045789957047
2686.80385667002	0.366356462240219
2687.28594042308	0.365667670965195
2687.76802417614	0.364982694387436
2688.2501079292	0.36430412530899
2688.73219168226	0.363633006811142
2689.21427543531	0.362968176603317
2689.69635918837	0.362306416034698
2690.17844294143	0.361643880605698
2690.66052669449	0.360977351665497
2691.14261044755	0.360305219888687
2691.6246942006	0.359627425670624
2692.10677795366	0.358944147825241
2692.58886170672	0.35825502872467
2693.07094545978	0.357558757066727
2693.55302921284	0.356853932142258
2694.03511296589	0.356140345335007
2694.51719671895	0.355420142412186
2694.99928047201	0.354697912931442
2695.48136422507	0.353979498147964
2695.96344797813	0.353270500898361
2696.44553173118	0.352575123310089
2696.92761548424	0.351896047592163
2697.4096992373	0.351235687732697
2697.89178299036	0.35059580206871
2698.37386674342	0.349979281425476
2698.85595049647	0.349387437105179
2699.33803424953	0.348817944526672
2699.82011800259	0.348263055086136
2700.30220175565	0.347709983587265
2700.78428550871	0.347143620252609
2701.26636926176	0.346551299095154
2701.74845301482	0.345927119255066
2702.23053676788	0.345273554325104
2702.71262052094	0.34459975361824
2703.194704274	0.343916416168213
2703.67678802705	0.343230038881302
2704.15887178011	0.342539131641388
2704.64095553317	0.341834306716919
2705.12303928623	0.341102242469788
2705.60512303929	0.340331465005875
2706.08720679234	0.339516818523407
2706.5692905454	0.338660508394241
2707.05137429846	0.337768793106079
2707.53345805152	0.336846649646759
2708.01554180458	0.33589294552803
2708.49762555763	0.33489927649498
2708.97970931069	0.333853274583817
2709.46179306375	0.332744985818863
2709.94387681681	0.33157342672348
2710.42596056987	0.330350011587143
2710.90804432292	0.329096704721451
2711.39012807598	0.327840447425842
2711.87221182904	0.326605796813965
2712.3542955821	0.325406730175018
2712.83637933516	0.324248075485229
2713.31846308821	0.323125332593918
2713.80054684127	0.322030156850815
2714.28263059433	0.320955365896225
2714.76471434739	0.319898068904877
2715.24679810045	0.318859696388245
2715.7288818535	0.317844152450562
2716.21096560656	0.316854923963547
2716.69304935962	0.315893888473511
2717.17513311268	0.314961075782776
2717.65721686574	0.314055919647217
2718.13930061879	0.313178479671478
2718.62138437185	0.31233012676239
2719.10346812491	0.311513096094131
2719.58555187797	0.310729682445526
2720.06763563103	0.309981495141983
2720.54971938408	0.309269070625305
2721.03180313714	0.308592021465302
2721.5138868902	0.307948529720306
2721.99597064326	0.30733460187912
2722.47805439632	0.306742966175079
2722.96013814937	0.306162536144257
2723.44222190243	0.305579990148544
2723.92430565549	0.304983049631119
2724.40638940855	0.304365426301956
2724.88847316161	0.303731024265289
2725.37055691466	0.303095519542694
2725.85264066772	0.302483826875687
2726.33472442078	0.301924049854279
2726.81680817384	0.301438480615616
2727.2988919269	0.301038563251495
2727.78097567995	0.300720930099487
2728.26305943301	0.300469666719437
2728.74514318607	0.300262123346329
2729.22722693913	0.300076067447662
2729.70931069219	0.299895167350769
2730.19139444524	0.299711316823959
2730.6734781983	0.299523562192917
2731.15556195136	0.299335062503815
2731.63764570442	0.299150198698044
2732.11972945748	0.29897353053093
2732.60181321053	0.298810333013535
2733.08389696359	0.298667967319489
2733.56598071665	0.298556298017502
2734.04806446971	0.298486232757568
2734.53014822277	0.298466593027115
2735.01223197582	0.298500537872314
2735.49431572888	0.298583447933197
2735.97639948194	0.298703759908676
2736.458483235	0.298846155405045
2736.94056698806	0.298996299505234
2737.42265074111	0.299144953489304
2737.90473449417	0.299289762973785
2738.38681824723	0.299434423446655
2738.86890200029	0.29958564043045
2739.35098575335	0.299749791622162
2739.8330695064	0.299930542707443
2740.31515325946	0.300128370523453
2740.79723701252	0.300342470407486
2741.27932076558	0.300572365522385
2741.76140451864	0.300820201635361
2742.24348827169	0.301091343164444
2742.72557202475	0.301393449306488
2743.20765577781	0.301734924316406
2743.68973953087	0.302122592926025
2744.17182328393	0.302559852600098
2744.65390703698	0.30304542183876
2745.13599079004	0.303572535514832
2745.6180745431	0.304129421710968
2746.10015829616	0.304700642824173
2746.58224204922	0.305269807577133
2747.06432580227	0.305822968482971
2747.54640955533	0.30635267496109
2748.02849330839	0.306860387325287
2748.51057706145	0.307357132434845
2748.99266081451	0.307860791683197
2749.47474456756	0.30839142203331
2749.95682832062	0.308965057134628
2750.43891207368	0.309588998556137
2750.92099582674	0.310259610414505
2751.4030795798	0.310963958501816
2751.88516333285	0.311684459447861
2752.36724708591	0.312404781579971
2752.84933083897	0.313114911317825
2753.33141459203	0.313813835382462
2753.81349834509	0.314508765935898
2754.29558209814	0.315211832523346
2754.7776658512	0.315935462713242
2755.25974960426	0.316689610481262
2755.74183335732	0.317477464675903
2756.22391711038	0.31829622387886
2756.70600086343	0.31913822889328
2757.18808461649	0.319992929697037
2757.67016836955	0.320849597454071
2758.15225212261	0.321699559688568
2758.63433587567	0.322538077831268
2759.11641962872	0.323365330696106
2759.59850338178	0.324186265468597
2760.08058713484	0.325008898973465
2760.5626708879	0.325841635465622
2761.04475464096	0.32668936252594
2761.52683839401	0.327550530433655
2762.00892214707	0.32841569185257
2762.49100590013	0.329269021749496
2762.97308965319	0.33009260892868
2763.45517340625	0.330872684717178
2763.9372571593	0.331605225801468
2764.41934091236	0.332299381494522
2764.90142466542	0.332976907491684
2765.38350841848	0.333667188882828
2765.86559217154	0.334399849176407
2766.34767592459	0.335196822881699
2766.82975967765	0.336066722869873
2767.31184343071	0.337002843618393
2767.79392718377	0.337985336780548
2768.27601093683	0.338986575603485
2768.75809468988	0.339977324008942
2769.24017844294	0.34093189239502
2769.722262196	0.341833472251892
2770.20434594906	0.342672258615494
2770.68642970212	0.343446522951126
2771.16851345517	0.344160318374634
2771.65059720823	0.344821482896805
2772.13268096129	0.345440000295639
2772.61476471435	0.346026241779327
2773.09684846741	0.346589058637619
2773.57893222046	0.347133606672287
2774.06101597352	0.347659826278687
2774.54309972658	0.348161697387695
2775.02518347964	0.348628848791122
2775.5072672327	0.349050045013428
2775.98935098575	0.349418073892593
2776.47143473881	0.349734336137772
2776.95351849187	0.350011080503464
2777.43560224493	0.350270211696625
2777.91768599799	0.35053813457489
2778.39976975104	0.350838452577591
2778.8818535041	0.351184725761414
2779.36393725716	0.351575881242752
2779.84602101022	0.351996541023254
2780.32810476328	0.35242161154747
2780.81018851633	0.35282438993454
2781.29227226939	0.353184074163437
2781.77435602245	0.353491097688675
2782.25643977551	0.353747367858887
2782.73852352857	0.353962302207947
2783.22060728162	0.35414656996727
2783.70269103468	0.354306578636169
2784.18477478774	0.354441523551941
2784.6668585408	0.354545086622238
2785.14894229386	0.35461014509201
2785.63102604691	0.354634046554565
2786.11310979997	0.35462212562561
2786.59519355303	0.354587495326996
2787.07727730609	0.354547113180161
2787.55936105914	0.354515880346298
2788.0414448122	0.354501396417618
2788.52352856526	0.35450142621994
2789.00561231832	0.354505121707916
2789.48769607138	0.354497104883194
2789.96977982444	0.354462623596191
2790.45186357749	0.354391932487488
2790.93394733055	0.354282528162003
2791.41603108361	0.354138880968094
2791.89811483667	0.353971123695374
2792.38019858973	0.353793025016785
2792.86228234278	0.353620171546936
2793.34436609584	0.353468030691147
2793.8264498489	0.353349536657333
2794.30853360196	0.353271871805191
2794.79061735502	0.353233188390732
2795.27270110807	0.353220552206039
2795.75478486113	0.35321107506752
2796.23686861419	0.353176862001419
2796.71895236725	0.353092730045319
2797.20103612031	0.352944552898407
2797.68311987336	0.352734535932541
2798.16520362642	0.352480798959732
2798.64728737948	0.35221204161644
2799.12937113254	0.351957201957703
2799.61145488559	0.351735800504684
2800.09353863865	0.351552098989487
2800.57562239171	0.35139536857605
2801.05770614477	0.351246207952499
2801.53978989783	0.351085513830185
2802.02187365089	0.350902646780014
2802.50395740394	0.350698918104172
2802.986041157	0.350485324859619
2803.46812491006	0.350276619195938
2803.95020866312	0.350084185600281
2804.43229241617	0.349911570549011
2804.91437616923	0.349754571914673
2805.39645992229	0.349604874849319
2805.87854367535	0.349455565214157
2806.36062742841	0.349305272102356
2806.84271118146	0.349159210920334
2807.32479493452	0.3490269780159
2807.80687868758	0.348918437957764
2808.28896244064	0.348839730024338
2808.7710461937	0.348791986703873
2809.25312994676	0.348771333694458
2809.73521369981	0.348770678043365
2810.21729745287	0.34878197312355
2810.69938120593	0.348797202110291
2811.18146495899	0.34880867600441
2811.66354871204	0.348809063434601
2812.1456324651	0.348791986703873
2812.62771621816	0.348753899335861
2813.10979997122	0.348695874214172
2813.59188372428	0.348624914884567
2814.07396747733	0.348552852869034
2814.55605123039	0.348493486642838
2815.03813498345	0.348458409309387
2815.52021873651	0.348453551530838
2816.00230248957	0.34847816824913
2816.48438624262	0.348526626825333
2816.96646999568	0.348592221736908
2817.44855374874	0.348670870065689
2817.9306375018	0.348762840032578
2818.41272125486	0.348871946334839
2818.89480500791	0.349002152681351
2819.37688876097	0.34915429353714
2819.85897251403	0.349324107170105
2820.34105626709	0.349503070116043
2820.82314002015	0.349681496620178
2821.3052237732	0.349852114915848
2821.78730752626	0.350012570619583
2822.26939127932	0.350165158510208
2822.75147503238	0.350314617156982
2823.23355878544	0.350465059280396
2823.71564253849	0.350618034601212
2824.19772629155	0.350772827863693
2824.67981004461	0.350928246974945
2825.16189379767	0.351085036993027
2825.64397755073	0.351246863603592
2826.12606130378	0.351419061422348
2826.60814505684	0.351605623960495
2827.0902288099	0.351806908845901
2827.57231256296	0.352018415927887
2828.05439631602	0.352233439683914
2828.53648006907	0.352447539567947
2829.01856382213	0.352663278579712
2829.50064757519	0.352892130613327
2829.98273132825	0.353152573108673
2830.46481508131	0.35346457362175
2830.94689883436	0.353842705488205
2831.42898258742	0.354291141033173
2831.91106634048	0.35480323433876
2832.39315009354	0.355365335941315
2832.8752338466	0.355963736772537
2833.35731759965	0.356591075658798
2833.83940135271	0.357249736785889
2834.32148510577	0.357950031757355
2834.80356885883	0.358705192804337
2835.28565261189	0.359524935483932
2835.76773636494	0.360411286354065
2836.249820118	0.361358612775803
2836.73190387106	0.362357676029205
2837.21398762412	0.363401800394058
2837.69607137718	0.36449208855629
2838.17815513023	0.365639060735703
2838.66023888329	0.366860002279282
2839.14232263635	0.368171989917755
2839.62440638941	0.36958634853363
2840.10649014247	0.371101796627045
2840.58857389552	0.372702479362488
2841.07065764858	0.374364405870438
2841.55274140164	0.37605693936348
2842.0348251547	0.377754092216492
2842.51690890776	0.379441022872925
2842.99899266081	0.381118446588516
2843.48107641387	0.382803618907928
2843.96316016693	0.384527027606964
2844.44524391999	0.386326044797897
2844.92732767305	0.388236820697784
2845.4094114261	0.390286087989807
2845.89149517916	0.392485350370407
2846.37357893222	0.394828498363495
2846.85566268528	0.397294282913208
2847.33774643834	0.399853020906448
2847.81983019139	0.402475446462631
2848.30191394445	0.405141532421112
2848.78399769751	0.407846242189407
2849.26608145057	0.410600453615189
2849.74816520363	0.413427025079727
2850.23024895668	0.416353583335876
2850.71233270974	0.419404745101929
2851.1944164628	0.422596514225006
2851.67650021586	0.42593452334404
2852.15858396892	0.429416000843048
2852.64066772197	0.433034181594849
2853.12275147503	0.436782449483871
2853.60483522809	0.440656393766403
2854.08691898115	0.444652885198593
2854.56900273421	0.44876691699028
2855.05108648726	0.452985435724258
2855.53317024032	0.457292944192886
2856.01525399338	0.461658805608749
2856.49733774644	0.466047555208206
2856.9794214995	0.470420122146606
2857.46150525255	0.47473669052124
2857.94358900561	0.478957742452621
2858.42567275867	0.48304295539856
2858.90775651173	0.486949056386948
2859.38984026479	0.49062842130661
2859.87192401784	0.494029879570007
2860.3540077709	0.497102677822113
2860.83609152396	0.499802827835083
2861.31817527702	0.502099812030792
2861.80025903008	0.503982186317444
2862.28234278313	0.505460321903229
2862.76442653619	0.506566166877747
2863.24651028925	0.507350981235504
2863.72859404231	0.507882297039032
2864.21067779537	0.508240401744843
2864.69276154842	0.508514940738678
2865.17484530148	0.508799850940704
2865.65692905454	0.509187996387482
2866.1390128076	0.509763538837433
2866.62109656066	0.510595560073853
2867.10318031371	0.511732459068298
2867.58526406677	0.513201057910919
2868.06734781983	0.515008747577667
2868.54943157289	0.517150223255157
2869.03151532595	0.519615530967712
2869.513599079	0.522395610809326
2869.99568283206	0.525490880012512
2870.47776658512	0.528902769088745
2870.95985033818	0.532630801200867
2871.44193409124	0.536662340164185
2871.92401784429	0.540963888168335
2872.40610159735	0.545476317405701
2872.88818535041	0.550116181373596
2873.37026910347	0.554782509803772
2873.85235285653	0.559367418289185
2874.33443660958	0.563766896724701
2874.81652036264	0.567888200283051
2875.2986041157	0.571651935577393
2875.78068786876	0.574990272521973
2876.26277162182	0.577842175960541
2876.74485537487	0.580150485038757
2877.22693912793	0.581861972808838
2877.70902288099	0.582933008670807
2878.19110663405	0.5833380818367
2878.67319038711	0.58307945728302
2879.15527414016	0.582193195819855
2879.63735789322	0.580749928951263
2880.11944164628	0.578847885131836
2880.60152539934	0.57660049200058
2881.0836091524	0.574121952056885
2881.56569290545	0.571514070034027
2882.04777665851	0.568859457969666
2882.52986041157	0.566220700740814
2883.01194416463	0.563646197319031
2883.49402791769	0.561179220676422
2883.97611167074	0.558861255645752
2884.4581954238	0.556742370128632
2884.94027917686	0.554875671863556
2885.42236292992	0.553312599658966
2885.90444668298	0.552094757556915
2886.38653043603	0.551246106624603
2886.86861418909	0.550768256187439
2887.35069794215	0.550640046596527
2887.83278169521	0.550822675228119
2888.31486544827	0.551268935203552
2888.79694920132	0.551935076713562
2889.27903295438	0.552791953086853
2889.76111670744	0.553832113742828
2890.2432004605	0.555070877075195
2890.72528421356	0.556540250778198
2891.20736796661	0.558277070522308
2891.68945171967	0.560310065746307
2892.17153547273	0.562648475170135
2892.65361922579	0.565277576446533
2893.13570297885	0.56816154718399
2893.6177867319	0.57125324010849
2894.09987048496	0.574506938457489
2894.58195423802	0.577889978885651
2895.06403799108	0.581388294696808
2895.54612174414	0.585005521774292
2896.02820549719	0.588755130767822
2896.51028925025	0.592650055885315
2896.99237300331	0.596692740917206
2897.47445675637	0.600869536399841
2897.95654050943	0.605148613452911
2898.43862426248	0.609493017196655
2898.92070801554	0.6138556599617
2899.4027917686	0.618196487426758
2899.88487552166	0.622487783432007
2900.36695927472	0.626720011234283
2900.84904302777	0.630903363227844
2901.33112678083	0.635068893432617
2901.81321053389	0.639261782169342
2902.29529428695	0.643533229827881
2902.77737804001	0.647929191589355
2903.25946179306	0.652479708194733
2903.74154554612	0.657191038131714
2904.22362929918	0.662045300006866
2904.70571305224	0.667007088661194
2905.1877968053	0.672036230564117
2905.66988055835	0.677101969718933
2906.15196431141	0.682193160057068
2906.63404806447	0.68731963634491
2907.11613181753	0.692504703998566
2907.59821557059	0.697771549224854
2908.08029932364	0.703129827976227
2908.5623830767	0.708568513393402
2909.04446682976	0.714058399200439
2909.52655058282	0.719562172889709
2910.00863433588	0.725046455860138
2910.49071808893	0.730489194393158
2910.97280184199	0.735876739025116
2911.45488559505	0.741192400455475
2911.93696934811	0.746401011943817
2912.41905310117	0.751436948776245
2912.90113685422	0.756216287612915
2913.38322060728	0.760638773441315
2913.86530436034	0.764623403549194
2914.3473881134	0.76813018321991
2914.82947186646	0.771172404289246
2915.31155561951	0.773810923099518
2915.79363937257	0.776133358478546
2916.27572312563	0.778227210044861
2916.75780687869	0.780158340930939
2917.23989063175	0.781963229179382
2917.7219743848	0.783655643463135
2918.20405813786	0.785241723060608
2918.68614189092	0.786734342575073
2919.16822564398	0.788159251213074
2919.65030939704	0.789550721645355
2920.13239315009	0.790942132472992
2920.61447690315	0.792359173297882
2921.09656065621	0.793821215629578
2921.57864440927	0.795352637767792
2922.06072816233	0.796997845172882
2922.54281191538	0.798831045627594
2923.02489566844	0.800954163074493
2923.5069794215	0.803480207920074
2923.98906317456	0.806508779525757
2924.47114692762	0.810103476047516
2924.95323068067	0.814280927181244
2925.43531443373	0.81901603937149
2925.91739818679	0.824261426925659
2926.39948193985	0.829969465732574
2926.88156569291	0.836122632026672
2927.36364944596	0.842722296714783
2927.84573319902	0.849789500236511
2928.32781695208	0.857341945171356
2928.80990070514	0.865372717380524
2929.2919844582	0.873837232589722
2929.77406821125	0.882653057575226
2930.25615196431	0.891710340976715
2930.73823571737	0.900888383388519
2931.22031947043	0.910069525241852
2931.70240322349	0.919147253036499
2932.18448697654	0.928030133247375
2932.6665707296	0.936640202999115
2933.14865448266	0.944914162158966
2933.63073823572	0.9527987241745
2934.11282198878	0.960275411605835
2934.59490574183	0.967331290245056
2935.07698949489	0.973953068256378
2935.55907324795	0.980110108852386
2936.04115700101	0.985739886760712
2936.52324075407	0.990745425224304
2937.00532450712	0.99500983953476
2937.48740826018	0.998425424098969
2937.96949201324	1.00092661380768
2938.4515757663	1.00251233577728
2938.93365951936	1.00324833393097
2939.41574327241	1.00324618816376
2939.89782702547	1.0026319026947
2940.37991077853	1.00151598453522
2940.86199453159	0.999980211257935
2941.34407828465	0.998077750205994
2941.8261620377	0.995854377746582
2942.30824579076	0.993363738059998
2942.79032954382	0.990676820278168
2943.27241329688	0.987878799438477
2943.75449704994	0.98505687713623
2944.23658080299	0.982286989688873
2944.71866455605	0.979628264904022
2945.20074830911	0.977126896381378
2945.68283206217	0.9748255610466
2946.16491581522	0.972772479057312
2946.64699956828	0.971023142337799
2947.12908332134	0.969633340835571
2947.6111670744	0.968648254871368
2948.09325082746	0.968095242977142
2948.57533458052	0.967987179756165
2949.05741833357	0.968337655067444
2949.53950208663	0.969184815883636
2950.02158583969	0.970612764358521
2950.50366959275	0.972762942314148
2950.98575334581	0.975827574729919
2951.46783709886	0.980028212070465
2951.94992085192	0.985584259033203
2952.43200460498	0.99268239736557
2952.91408835804	1.00145387649536
2953.39617211109	1.01196455955505
2953.87825586415	1.02421689033508
2954.36033961721	1.03816092014313
2954.84242337027	1.05370569229126
2955.32450712333	1.07072055339813
2955.80659087639	1.08907163143158
2956.28867462944	1.10857057571411
2956.7707583825	1.12900364398956
2957.25284213556	1.15012359619141
2957.73492588862	1.1716536283493
2958.21700964167	1.19329905509949
2958.69909339473	1.2147604227066
2959.18117714779	1.2357485294342
2959.66326090085	1.25599694252014
2960.14534465391	1.27527225017548
2960.62742840697	1.29337882995605
2961.10951216002	1.31015968322754
2961.59159591308	1.3254896402359
2962.07367966614	1.33926200866699
2962.5557634192	1.35137319564819
2963.03784717226	1.36171102523804
2963.51993092531	1.37015581130981
2964.00201467837	1.37659788131714
2964.48409843143	1.38096642494202
2964.96618218449	1.38325893878937
2965.44826593754	1.38355946540833
2965.9303496906	1.38203608989716
2966.41243344366	1.37892138957977
2966.89451719672	1.37448287010193
2967.37660094978	1.36899721622467
2967.85868470284	1.36273121833801
2968.34076845589	1.35593211650848
2968.82285220895	1.34881985187531
2969.30493596201	1.34158408641815
2969.78701971507	1.33436620235443
2970.26910346812	1.32728409767151
2970.75118722118	1.32043492794037
2971.23327097424	1.3139261007309
2971.7153547273	1.30790555477142
2972.19743848036	1.30257904529572
2972.67952223341	1.29820358753204
2973.16160598647	1.29505228996277
2973.64368973953	1.2933634519577
2974.12577349259	1.29328858852386
2974.60785724565	1.2948614358902
2975.0899409987	1.29800021648407
2975.57202475176	1.30254232883453
2976.05410850482	1.30830132961273
2976.53619225788	1.31512331962585
2977.01827601094	1.322922706604
2977.50035976399	1.33168411254883
2977.98244351705	1.34143435955048
2978.46452727011	1.35219871997833
2978.94661102317	1.36396586894989
2979.42869477623	1.37667572498322
2979.91077852928	1.39023685455322
2980.39286228234	1.40455937385559
2980.8749460354	1.41958391666412
2981.35702978846	1.43528807163239
2981.83911354152	1.45166254043579
2982.32119729457	1.4686666727066
2982.80328104763	1.48618412017822
2983.28536480069	1.50400161743164
2983.76744855375	1.52181577682495
2984.24953230681	1.53931355476379
2984.73161605986	1.55617868900299
2985.21369981292	1.57216882705688
2985.69578356598	1.58711421489716
2986.17786731904	1.60088896751404
2986.6599510721	1.61336398124695
2987.14203482515	1.62436819076538
2987.62411857821	1.63367879390717
2988.10620233127	1.64104735851288
2988.58828608433	1.64625024795532
2989.07036983739	1.64914786815643
2989.55245359044	1.649733543396
2990.0345373435	1.64816093444824
2990.51662109656	1.64474439620972
2990.99870484962	1.63992714881897
2991.48078860268	1.6342169046402
2991.96287235573	1.62809312343597
2992.44495610879	1.62190294265747
2992.92703986185	1.61577701568604
2993.40912361491	1.60959458351135
2993.89120736797	1.60302639007568
2994.37329112102	1.59564936161041
2994.85537487408	1.58710587024689
2995.33745862714	1.57724738121033
2995.8195423802	1.566197514534
2996.30162613326	1.55430853366852
2996.78370988631	1.54202783107758
2997.26579363937	1.52973854541779
2997.74787739243	1.51764047145844
2998.22996114549	1.50571942329407
2998.71204489855	1.49377489089966
2999.1941286516	1.48156356811523
2999.67621240466	1.46889102458954
3000.15829615772	1.45569479465485
3000.64037991078	1.44205391407013
3001.12246366384	1.42814135551453
3001.60454741689	1.41414666175842
3002.08663116995	1.40020966529846
3002.56871492301	1.38638556003571
3003.05079867607	1.37264823913574
3003.53288242913	1.35891759395599
3004.01496618218	1.34509539604187
3004.49704993524	1.33109450340271
3004.9791336883	1.31685841083527
3005.46121744136	1.30236887931824
3005.94330119442	1.28764772415161
3006.42538494747	1.27275264263153
3006.90746870053	1.25776565074921
3007.38955245359	1.24277460575104
3007.87163620665	1.22785174846649
3008.35371995971	1.2130354642868
3008.83580371276	1.19832706451416
3009.31788746582	1.18370389938354
3009.79997121888	1.16914665699005
3010.28205497194	1.15466606616974
3010.764138725	1.14031600952148
3011.24622247805	1.12618148326874
3011.72830623111	1.11234593391418
3012.21038998417	1.09885799884796
3012.69247373723	1.08567821979523
3013.17455749029	1.07271981239319
3013.65664124334	1.05985260009766
3014.1387249964	1.04695904254913
3014.62080874946	1.03397905826569
3015.10289250252	1.02093148231506
3015.58497625558	1.00790226459503
3016.06706000863	0.995006382465363
3016.54914376169	0.982342839241028
3017.03122751475	0.969962596893311
3017.51331126781	0.957863509654999
3017.99539502087	0.946010649204254
3018.47747877392	0.934368908405304
3018.95956252698	0.922929465770721
3019.44164628004	0.911716639995575
3019.9237300331	0.900772869586945
3020.40581378616	0.890131652355194
3020.88789753921	0.879793107509613
3021.36998129227	0.869715571403503
3021.85206504533	0.85982757806778
3022.33414879839	0.85005521774292
3022.81623255145	0.840351521968842
3023.2983163045	0.830715477466583
3023.78040005756	0.82119220495224
3024.26248381062	0.811855852603912
3024.74456756368	0.802784860134125
3025.22665131674	0.794037103652954
3025.70873506979	0.785636603832245
3026.19081882285	0.777571380138397
3026.67290257591	0.769805312156677
3027.15498632897	0.76227468252182
3027.63707008203	0.754922688007355
3028.11915383508	0.747693479061127
3028.60123758814	0.740542829036713
3029.0833213412	0.733444154262543
3029.56540509426	0.726393043994904
3030.04748884732	0.719408750534058
3030.52957260037	0.712530255317688
3031.01165635343	0.705806076526642
3031.49374010649	0.699280202388763
3031.97582385955	0.692978203296661
3032.45790761261	0.686898708343506
3032.93999136566	0.6810142993927
3033.42207511872	0.675279855728149
3033.90415887178	0.669645488262177
3034.38624262484	0.664067804813385
3034.8683263779	0.658516585826874
3035.35041013095	0.652974724769592
3035.83249388401	0.647435069084167
3036.31457763707	0.641896426677704
3036.79666139013	0.636362612247467
3037.27874514319	0.6308434009552
3037.76082889624	0.625356078147888
3038.2429126493	0.619923889636993
3038.72499640236	0.614570140838623
3039.20708015542	0.60930985212326
3039.68916390848	0.604142725467682
3040.17124766153	0.599051535129547
3040.65333141459	0.594007968902588
3041.13541516765	0.588986754417419
3041.61749892071	0.583967685699463
3042.09958267377	0.578956246376038
3042.58166642682	0.573970854282379
3043.06375017988	0.569034457206726
3043.54583393294	0.564160406589508
3044.027917686	0.559343457221985
3044.51000143906	0.554559290409088
3044.99208519211	0.549775063991547
3045.47416894517	0.544964909553528
3045.95625269823	0.540124475955963
3046.43833645129	0.535276710987091
3046.92042020435	0.53046703338623
3047.4025039574	0.525749206542969
3047.88458771046	0.521169006824493
3048.36667146352	0.516751885414124
3048.84875521658	0.512499511241913
3049.33083896964	0.508395254611969
3049.81292272269	0.504415154457092
3050.29500647575	0.500538468360901
3050.77709022881	0.496753305196762
3051.25917398187	0.493055760860443
3051.74125773493	0.489444583654404
3052.22334148798	0.485914766788483
3052.70542524104	0.482454389333725
3053.1875089941	0.479045391082764
3053.66959274716	0.47566819190979
3054.15167650022	0.472306787967682
3054.63376025327	0.468952119350433
3055.11584400633	0.465603113174438
3055.59792775939	0.462258905172348
3056.08001151245	0.458924323320389
3056.56209526551	0.455601811408997
3057.04417901856	0.452294021844864
3057.52626277162	0.449006199836731
3058.00834652468	0.445748776197433
3058.49043027774	0.442537754774094
3058.9725140308	0.439392596483231
3059.45459778385	0.436331957578659
3059.93668153691	0.433369427919388
3060.41876528997	0.43051078915596
3060.90084904303	0.427754402160645
3061.38293279609	0.425094097852707
3061.86501654914	0.422523081302643
3062.3471003022	0.420037120580673
3062.82918405526	0.417634904384613
3063.31126780832	0.415315896272659
3063.79335156138	0.413075983524323
3064.27543531443	0.410903513431549
3064.75751906749	0.408777624368668
3065.23960282055	0.406670391559601
3065.72168657361	0.404552787542343
3066.20377032667	0.402403175830841
3066.68585407972	0.400214999914169
3067.16793783278	0.398001253604889
3067.65002158584	0.395793169736862
3068.1321053389	0.393633097410202
3068.61418909196	0.391563296318054
3069.09627284501	0.389614224433899
3069.57835659807	0.387796700000763
3070.06044035113	0.386096030473709
3070.54252410419	0.384481906890869
3071.02460785725	0.382914900779724
3071.5066916103	0.381359577178955
3071.98877536336	0.379794925451279
3072.47085911642	0.378218948841095
3072.95294286948	0.376646399497986
3073.43502662254	0.375100880861282
3073.91711037559	0.373604565858841
3074.39919412865	0.372169643640518
3074.88127788171	0.370794951915741
3075.36336163477	0.369467973709106
3075.84544538783	0.368171393871307
3076.32752914088	0.366890490055084
3076.80961289394	0.365618735551834
3077.291696647	0.364359438419342
3077.77378040006	0.363123059272766
3078.25586415312	0.36192262172699
3078.73794790617	0.360768675804138
3079.22003165923	0.359666764736176
3079.70211541229	0.358617156744003
3080.18419916535	0.357616633176804
3080.66628291841	0.356660783290863
3081.14836667146	0.355745762586594
3081.63045042452	0.354868501424789
3082.11253417758	0.354026466608047
3082.59461793064	0.353217095136642
3083.0767016837	0.352437943220139
3083.55878543675	0.351687610149384
3084.04086918981	0.350967049598694
3084.52295294287	0.350278556346893
3085.00503669593	0.349627107381821
3085.48712044899	0.349017143249512
3085.96920420204	0.348450899124146
3086.4512879551	0.347927421331406
3086.93337170816	0.347442090511322
3087.41545546122	0.346987545490265
3087.89753921428	0.346555352210999
3088.37962296733	0.346137076616287
3088.86170672039	0.345725238323212
3089.34379047345	0.345313608646393
3089.82587422651	0.344897925853729
3090.30795797957	0.344477593898773
3090.79004173262	0.344057500362396
3091.27212548568	0.343650013208389
3091.75420923874	0.343274772167206
3092.2362929918	0.342955827713013
3092.71837674486	0.34271639585495
3093.20046049791	0.342571586370468
3093.68254425097	0.342522710561752
3094.16462800403	0.342554241418839
3094.64671175709	0.342635691165924
3095.12879551015	0.342728167772293
3095.6108792632	0.342793673276901
3096.09296301626	0.342804193496704
3096.57504676932	0.342747688293457
3097.05713052238	0.342629432678223
3097.53921427544	0.342468440532684
3098.02129802849	0.342291355133057
3098.50338178155	0.342125207185745
3098.98546553461	0.341993302106857
3099.46754928767	0.341912180185318
3099.94963304073	0.34189173579216
3100.43171679378	0.341936439275742
3100.91380054684	0.342046648263931
3101.3958842999	0.342219263315201
3101.87796805296	0.342447638511658
3102.36005180602	0.342721104621887
3102.84213555907	0.343024969100952
3103.32421931213	0.343341261148453
3103.80630306519	0.343650966882706
3104.28838681825	0.343936681747437
3104.77047057131	0.344185590744019
3105.25255432436	0.344391852617264
3105.73463807742	0.344557553529739
3106.21672183048	0.344692260026932
3106.69880558354	0.344810962677002
3107.1808893366	0.344931036233902
3107.66297308965	0.345068782567978
3108.14505684271	0.345236361026764
3108.62714059577	0.345440030097961
3109.10922434883	0.345679670572281
3109.59130810189	0.34595000743866
3110.07339185494	0.346242904663086
3110.555475608	0.346549957990646
3111.03755936106	0.34686467051506
3111.51964311412	0.347183972597122
3112.00172686717	0.347508400678635
3112.48381062023	0.347841382026672
3112.96589437329	0.348188668489456
3113.44797812635	0.348555386066437
3113.93006187941	0.348944753408432
3114.41214563247	0.349355846643448
3114.89422938552	0.349782139062881
3115.37631313858	0.350211054086685
3115.85839689164	0.350625216960907
3116.3404806447	0.35100519657135
3116.82256439775	0.351333618164063
3117.30464815081	0.351599633693695
3117.78673190387	0.351801007986069
3118.26881565693	0.351943910121918
3118.75089940999	0.352039963006973
3119.23298316304	0.352101415395737
3119.7150669161	0.352136462926865
3120.19715066916	0.352147042751312
3120.67923442222	0.352130204439163
3121.16131817528	0.352082669734955
3121.64340192834	0.352006316184998
3122.12548568139	0.35191211104393
3122.60756943445	0.351820081472397
3123.08965318751	0.351754724979401
3123.57173694057	0.351737767457962
3124.05382069362	0.351780951023102
3124.53590444668	0.351882338523865
3125.01798819974	0.352027177810669
3125.5000719528	0.3521928191185
3125.98215570586	0.352355778217316
3126.46423945892	0.352497190237045
3126.94632321197	0.352605670690536
3127.42840696503	0.352676898241043
3127.91049071809	0.352710604667664
3128.39257447115	0.352708637714386
3128.8746582242	0.352674454450607
3129.35674197726	0.352614462375641
3129.83882573032	0.352539718151093
3130.32090948338	0.352465629577637
3130.80299323644	0.352408736944199
3131.28507698949	0.352380514144897
3131.76716074255	0.352381199598312
3132.24924449561	0.35239651799202
3132.73132824867	0.352400064468384
3133.21341200173	0.352361291646957
3133.69549575478	0.352256268262863
3134.17757950784	0.352077275514603
3134.6596632609	0.351836442947388
3135.14174701396	0.351562440395355
3135.62383076702	0.351290971040726
3136.10591452007	0.351053029298782
3136.58799827313	0.3508660197258
3137.07008202619	0.350730150938034
3137.55216577925	0.350631535053253
3138.03424953231	0.350549578666687
3138.51633328536	0.350465178489685
3138.99841703842	0.350366473197937
3139.48050079148	0.350250154733658
3139.96258454454	0.350118815898895
3140.4446682976	0.34997621178627
3140.92675205065	0.349823206663132
3141.40883580371	0.34965592622757
3141.89091955677	0.349466115236282
3142.37300330983	0.349244505167007
3142.85508706289	0.348983556032181
3143.33717081594	0.348680227994919
3143.819254569	0.348337441682816
3144.30133832206	0.347964137792587
3144.78342207512	0.347574293613434
3145.26550582818	0.347184509038925
3145.74758958123	0.346810430288315
3146.22967333429	0.34646263718605
3146.71175708735	0.346142560243607
3147.19384084041	0.345840901136398
3147.67592459347	0.345538765192032
3148.15800834652	0.345213860273361
3148.64009209958	0.344847917556763
3149.12217585264	0.344434499740601
3149.6042596057	0.34398341178894
3150.08634335876	0.34351921081543
3150.56842711181	0.343073695898056
3151.05051086487	0.342675060033798
3151.53259461793	0.34233757853508
3152.01467837099	0.342056035995483
3152.49676212405	0.341807067394257
3152.9788458771	0.341556817293167
3153.46092963016	0.34127214550972
3153.94301338322	0.340930759906769
3154.42509713628	0.340526908636093
3154.90718088934	0.340070813894272
3155.38926464239	0.33958300948143
3155.87134839545	0.339085042476654
3156.35343214851	0.338593065738678
3156.83551590157	0.338112503290176
3157.31759965463	0.337637543678284
3157.79968340768	0.337154030799866
3158.28176716074	0.336643993854523
3158.7638509138	0.336090862751007
3159.24593466686	0.335483908653259
3159.72801841992	0.334821462631226
3160.21010217297	0.334112137556076
3160.69218592603	0.333374261856079
3161.17426967909	0.332632690668106
3161.65635343215	0.331914007663727
3162.13843718521	0.331240475177765
3162.62052093826	0.330625116825104
3163.10260469132	0.330069363117218
3163.58468844438	0.3295638859272
3164.06677219744	0.329092919826508
3164.5488559505	0.328639447689056
3165.03093970355	0.328189969062805
3165.51302345661	0.327736347913742
3165.99510720967	0.327275097370148
3166.47719096273	0.326804786920547
3166.95927471579	0.326323390007019
3167.44135846884	0.325827687978745
3167.9234422219	0.325314223766327
3168.40552597496	0.324781745672226
3168.88760972802	0.324232339859009
3169.36969348108	0.323671072721481
3169.85177723413	0.323103398084641
3170.33386098719	0.32253098487854
3170.81594474025	0.321951925754547
3171.29802849331	0.321361184120178
3171.78011224637	0.320755511522293
3172.26219599942	0.320138454437256
3172.74427975248	0.31952291727066
3173.22636350554	0.318928897380829
3173.7084472586	0.318376690149307
3174.19053101166	0.317878097295761
3174.67261476471	0.317429959774017
3175.15469851777	0.317013472318649
3175.63678227083	0.316600918769836
3176.11886602389	0.31616684794426
3176.60094977695	0.315699309110641
3177.08303353	0.315205991268158
3177.56511728306	0.314711689949036
3178.04720103612	0.314248144626617
3178.52928478918	0.313840329647064
3179.01136854224	0.313495248556137
3179.49345229529	0.313198447227478
3179.97553604835	0.312919646501541
3180.45761980141	0.312624484300613
3180.93970355447	0.312287956476212
3181.42178730753	0.311903119087219
3181.90387106058	0.311482727527618
3182.38595481364	0.311053335666656
3182.8680385667	0.310645401477814
3183.35012231976	0.310283452272415
3183.83220607282	0.309980303049088
3184.31428982587	0.309736430644989
3184.79637357893	0.309542745351791
3185.27845733199	0.309385746717453
3185.76054108505	0.309250742197037
3186.24262483811	0.309123367071152
3186.72470859116	0.308989524841309
3187.20679234422	0.308835715055466
3187.68887609728	0.308650493621826
3188.17095985034	0.308427661657333
3188.6530436034	0.308169394731522
3189.13512735645	0.307887881994247
3189.61721110951	0.307603299617767
3190.09929486257	0.307338953018188
3190.58137861563	0.30711442232132
3191.06346236869	0.306939780712128
3191.54554612174	0.306812852621078
3192.0276298748	0.306720525026321
3192.50971362786	0.306643486022949
3192.99179738092	0.306562095880508
3193.47388113398	0.306461751461029
3193.95596488703	0.306335538625717
3194.43804864009	0.306184262037277
3194.92013239315	0.306014508008957
3195.40221614621	0.30583581328392
3195.88429989927	0.305658251047134
3196.36638365232	0.305490761995316
3196.84846740538	0.305340200662613
3197.33055115844	0.305210798978806
3197.8126349115	0.30510351061821
3198.29471866456	0.305016219615936
3198.77680241761	0.304943978786469
3199.25888617067	0.304880529642105
3199.74096992373	0.304820001125336
3200.22305367679	0.304758578538895
3200.70513742985	0.304695457220078
3201.1872211829	0.304632693529129
3201.66930493596	0.304574280977249
3202.15138868902	0.30452486872673
3202.63347244208	0.304488867521286
3203.11555619514	0.304470390081406
3203.59763994819	0.304473698139191
3204.07972370125	0.304503679275513
3204.56180745431	0.304565489292145
3205.04389120737	0.304663240909576
3205.52597496043	0.304798185825348
3206.00805871348	0.304966986179352
3206.49014246654	0.305161744356155
3206.9722262196	0.305371671915054
3207.45430997266	0.305586636066437
3207.93639372572	0.305800884962082
3208.41847747877	0.306015998125076
3208.90056123183	0.306240767240524
3209.38264498489	0.306488186120987
3209.86472873795	0.306770205497742
3210.34681249101	0.307091951370239
3210.82889624406	0.307447612285614
3211.31097999712	0.30782014131546
3211.79306375018	0.308185040950775
3212.27514750324	0.308517336845398
3212.7572312563	0.308799922466278
3213.23931500935	0.309030652046204
3213.72139876241	0.309224396944046
3214.20348251547	0.309410840272903
3214.68556626853	0.309626549482346
3215.16765002159	0.309904158115387
3215.64973377464	0.310262560844421
3216.1318175277	0.3107008934021
3216.61390128076	0.31119892001152
3217.09598503382	0.311723411083221
3217.57806878688	0.312238782644272
3218.06015253993	0.312718003988266
3218.54223629299	0.313150346279144
3219.02432004605	0.313542872667313
3219.50640379911	0.313915491104126
3219.98848755217	0.314291477203369
3220.47057130522	0.314687758684158
3220.95265505828	0.315108388662338
3221.43473881134	0.315544128417969
3221.9168225644	0.315977513790131
3222.39890631746	0.316390633583069
3222.88099007051	0.316772550344467
3223.36307382357	0.317122608423233
3223.84515757663	0.317449033260345
3224.32724132969	0.317763954401016
3224.80932508275	0.31807753443718
3225.2914088358	0.318394422531128
3225.77349258886	0.318713873624802
3226.25557634192	0.31903287768364
3226.73766009498	0.319350481033325
3227.21974384804	0.319669991731644
3227.70182760109	0.319998770952225
3228.18391135415	0.320343136787415
3228.66599510721	0.320704102516174
3229.14807886027	0.321074247360229
3229.63016261333	0.321438401937485
3230.11224636638	0.321778476238251
3230.59433011944	0.322080016136169
3231.0764138725	0.322338044643402
3231.55849762556	0.322558969259262
3232.04058137862	0.322758138179779
3232.52266513167	0.322953790426254
3233.00474888473	0.323160380125046
3233.48683263779	0.32338410615921
3233.96891639085	0.323622196912766
3234.45100014391	0.323865979909897
3234.93308389696	0.324105978012085
3235.41516765002	0.324336260557175
3235.89725140308	0.324556857347488
3236.37933515614	0.32477280497551
3236.8614189092	0.324991285800934
3237.34350266225	0.325218081474304
3237.82558641531	0.325454711914063
3238.30767016837	0.325697511434555
3238.78975392143	0.325938016176224
3239.27183767449	0.32616451382637
3239.75392142754	0.326364189386368
3240.2360051806	0.32652536034584
3240.71808893366	0.326639711856842
3241.20017268672	0.326704502105713
3241.68225643978	0.326724350452423
3242.16434019283	0.326711386442184
3242.64642394589	0.326683431863785
3243.12850769895	0.326660335063934
3243.61059145201	0.326658397912979
3244.09267520507	0.326685428619385
3244.57475895812	0.326737731695175
3245.05684271118	0.326800554990768
3245.53892646424	0.326851963996887
3246.0210102173	0.32686910033226
3246.50309397036	0.326834410429001
3246.98517772341	0.326739370822906
3247.46726147647	0.32658526301384
3247.94934522953	0.326380640268326
3248.43142898259	0.326137512922287
3248.91351273565	0.325867921113968
3249.3955964887	0.325581818819046
3249.87768024176	0.325286716222763
3250.35976399482	0.324988603591919
3250.84184774788	0.324692994356155
3251.32393150094	0.324405342340469
3251.80601525399	0.324130952358246
3252.28809900705	0.323873817920685
3252.77018276011	0.323635697364807
3253.25226651317	0.323415189981461
3253.73435026623	0.323207020759583
3254.21643401928	0.323001772165298
3254.69851777234	0.322786301374435
3255.1806015254	0.322544604539871
3255.66268527846	0.322260409593582
3256.14476903152	0.32192000746727
3256.62685278457	0.321517437696457
3257.10893653763	0.321057319641113
3257.59102029069	0.320556491613388
3258.07310404375	0.32004189491272
3258.55518779681	0.319544613361359
3259.03727154986	0.319091796875
3259.51935530292	0.318698585033417
3260.00143905598	0.318362981081009
3260.48352280904	0.318065583705902
3260.9656065621	0.317774683237076
3261.44769031515	0.317454934120178
3261.92977406821	0.317077100276947
3262.41185782127	0.316625356674194
3262.89394157433	0.316100388765335
3263.37602532739	0.315517365932465
3263.85810908044	0.314899832010269
3264.3401928335	0.314272254705429
3264.82227658656	0.313653349876404
3265.30436033962	0.313052028417587
3265.78644409268	0.312467336654663
3266.26852784573	0.311891555786133
3266.75061159879	0.311315268278122
3267.23269535185	0.31073260307312
3267.71477910491	0.310144811868668
3268.19686285797	0.30956095457077
3268.67894661102	0.308995425701141
3269.16103036408	0.30846306681633
3269.64311411714	0.307973504066467
3270.1251978702	0.30752694606781
3270.60728162325	0.307111799716949
3271.08936537631	0.30670839548111
3271.57144912937	0.306293427944183
3272.05353288243	0.305847138166428
3272.53561663549	0.305358946323395
3273.01770038855	0.30483016371727
3273.4997841416	0.304272532463074
3273.98186789466	0.303703248500824
3274.46395164772	0.303138583898544
3274.94603540078	0.302588701248169
3275.42811915383	0.302055269479752
3275.91020290689	0.301532477140427
3276.39228665995	0.301010936498642
3276.87437041301	0.300482273101807
3277.35645416607	0.29994261264801
3277.83853791912	0.299394577741623
3278.32062167218	0.298846840858459
3278.80270542524	0.298312425613403
3279.2847891783	0.297806113958359
3279.76687293136	0.297341614961624
3280.24895668442	0.29692867398262
3280.73104043747	0.296570032835007
3281.21312419053	0.296258836984634
3281.69520794359	0.295977801084518
3282.17729169665	0.29570072889328
3282.6593754497	0.295397698879242
3283.14145920276	0.295042484998703
3283.62354295582	0.294620722532272
3284.10562670888	0.294136017560959
3284.58771046194	0.293609499931335
3285.06979421499	0.293076246976852
3285.55187796805	0.292574346065521
3286.03396172111	0.292134016752243
3286.51604547417	0.29176926612854
3286.99812922723	0.291475087404251
3287.48021298028	0.291230827569962
3287.96229673334	0.291008323431015
3288.4443804864	0.290780693292618
3288.92646423946	0.290529102087021
3289.40854799252	0.290245145559311
3289.89063174557	0.289929151535034
3290.37271549863	0.289586395025253
3290.85479925169	0.289223819971085
3291.33688300475	0.288848966360092
3291.81896675781	0.288471460342407
3292.30105051087	0.288104861974716
3292.78313426392	0.287767350673676
3293.26521801698	0.287479639053345
3293.74730177004	0.287260144948959
3294.2293855231	0.287119626998901
3294.71146927615	0.28705707192421
3295.19355302921	0.287058681249619
3295.67563678227	0.287100493907928
3296.15772053533	0.287153244018555
3296.63980428839	0.287188440561295
3297.12188804144	0.287182927131653
3297.6039717945	0.287122130393982
3298.08605554756	0.287001043558121
3298.56813930062	0.286824285984039
3299.05022305368	0.286604702472687
3299.53230680673	0.286362290382385
3300.01439055979	0.286120861768723
3300.49647431285	0.285903662443161
3300.97855806591	0.285727977752686
3301.46064181897	0.285600125789642
3301.94272557202	0.285513043403625
3302.42480932508	0.28544807434082
3302.90689307814	0.285380929708481
3303.3889768312	0.285290211439133
3303.87106058426	0.285165667533875
3304.35314433731	0.285012811422348
3304.83522809037	0.284852176904678
3305.31731184343	0.284713298082352
3305.79939559649	0.284626007080078
3306.28147934955	0.284612238407135
3306.7635631026	0.284680992364883
3307.24564685566	0.28482723236084
3307.72773060872	0.28503429889679
3308.20981436178	0.285278022289276
3308.69189811484	0.285530626773834
3309.17398186789	0.285764336585999
3309.65606562095	0.285954535007477
3310.13814937401	0.286083191633224
3310.62023312707	0.286142975091934
3311.10231688013	0.286141067743301
3311.58440063318	0.286100655794144
3312.06648438624	0.286058336496353
3312.5485681393	0.286056160926819
3313.03065189236	0.286130428314209
3313.51273564542	0.286300599575043
3313.99481939847	0.286562114953995
3314.47690315153	0.286887615919113
3314.95898690459	0.287236094474792
3315.44107065765	0.287566989660263
3315.92315441071	0.287854254245758
3316.40523816376	0.288094758987427
3316.88732191682	0.288307696580887
3317.36940566988	0.288525462150574
3317.85148942294	0.288779944181442
3318.333573176	0.289089411497116
3318.81565692905	0.289451420307159
3319.29774068211	0.289843738079071
3319.77982443517	0.290232807397842
3320.26190818823	0.290585249662399
3320.74399194129	0.290878176689148
3321.22607569434	0.291104912757874
3321.7081594474	0.291274309158325
3322.19024320046	0.291405558586121
3322.67232695352	0.291521430015564
3323.15441070658	0.291642189025879
3323.63649445963	0.291782766580582
3324.11857821269	0.291952610015869
3324.60066196575	0.292157351970673
3325.08274571881	0.292400747537613
3325.56482947187	0.292685508728027
3326.04691322492	0.293013066053391
3326.52899697798	0.293382585048676
3327.01108073104	0.293790102005005
3327.4931644841	0.294229418039322
3327.97524823716	0.294691950082779
3328.45733199021	0.295168906450272
3328.93941574327	0.295652627944946
3329.42149949633	0.296137511730194
3329.90358324939	0.296620190143585
3330.38566700245	0.29709929227829
3330.8677507555	0.29757496714592
3331.34983450856	0.298047989606857
3331.83191826162	0.298518896102905
3332.31400201468	0.298986971378326
3332.79608576774	0.299449682235718
3333.27816952079	0.299902617931366
3333.76025327385	0.300340473651886
3334.24233702691	0.300758481025696
3334.72442077997	0.301154494285583
3335.20650453303	0.301530092954636
3335.68858828608	0.301890671253204
3336.17067203914	0.302243649959564
3336.6527557922	0.302595943212509
3337.13483954526	0.302951276302338
3337.61692329832	0.303308576345444
3338.09900705137	0.303662478923798
3338.58109080443	0.304005563259125
3339.06317455749	0.304331958293915
3339.54525831055	0.304640263319016
3340.02734206361	0.304935663938522
3340.50942581666	0.305229395627975
3340.99150956972	0.305536389350891
3341.47359332278	0.305871367454529
3341.95567707584	0.306245148181915
3342.4377608289	0.30666047334671
3342.91984458195	0.307110905647278
3343.40192833501	0.307581126689911
3343.88401208807	0.30804967880249
3344.36609584113	0.308493375778198
3344.84817959419	0.308892101049423
3345.33026334724	0.309233278036118
3345.8123471003	0.309514403343201
3346.29443085336	0.309742957353592
3346.77651460642	0.309933364391327
3347.25859835948	0.310102313756943
3347.74068211253	0.310263723134995
3348.22276586559	0.31042543053627
3348.70484961865	0.310588270425797
3349.18693337171	0.310748338699341
3349.66901712477	0.31090047955513
3350.15110087782	0.311041712760925
3350.63318463088	0.311172425746918
3351.11526838394	0.311295360326767
3351.597352137	0.311412662267685
3352.07943589006	0.311523050069809
3352.56151964311	0.311620593070984
3353.04360339617	0.311696439981461
3353.52568714923	0.311742156744003
3354.00777090229	0.311753630638123
3354.48985465535	0.311733156442642
3354.9719384084	0.31168857216835
3355.45402216146	0.311629951000214
3355.93610591452	0.311565339565277
3356.41818966758	0.311497688293457
3356.90027342064	0.311424791812897
3357.38235717369	0.311341792345047
3357.86444092675	0.311245381832123
3358.34652467981	0.311137169599533
3358.82860843287	0.311024516820908
3359.31069218593	0.31091845035553
3359.79277593898	0.310829758644104
3360.27485969204	0.310764819383621
3360.7569434451	0.31072324514389
3361.23902719816	0.310697764158249
3361.72111095122	0.310676217079163
3362.20319470427	0.310644209384918
3362.68527845733	0.310587108135223
3363.16736221039	0.310491263866425
3363.64944596345	0.310344636440277
3364.13152971651	0.310137718915939
3364.61361346956	0.309865564107895
3365.09569722262	0.309530228376389
3365.57778097568	0.309142649173737
3366.05986472874	0.308722078800201
3366.5419484818	0.308292388916016
3367.02403223485	0.307876110076904
3367.50611598791	0.307487994432449
3367.98819974097	0.307130873203278
3368.47028349403	0.306795716285706
3368.95236724709	0.30646550655365
3369.43445100014	0.306121975183487
3369.9165347532	0.305751979351044
3370.39861850626	0.305350571870804
3370.88070225932	0.304922163486481
3371.36278601238	0.304476290941238
3371.84486976543	0.304023325443268
3372.32695351849	0.303570598363876
3372.80903727155	0.303120613098145
3373.29112102461	0.302671730518341
3373.77320477767	0.302219957113266
3374.25528853072	0.301760464906693
3374.73737228378	0.301288455724716
3375.21945603684	0.300799071788788
3375.7015397899	0.300287246704102
3376.18362354296	0.299748241901398
3376.66570729601	0.299179524183273
3377.14779104907	0.298583030700684
3377.62987480213	0.297966748476028
3378.11195855519	0.297344565391541
3378.59404230825	0.296734094619751
3379.0761260613	0.296152770519257
3379.55820981436	0.295613586902618
3380.04029356742	0.295122176408768
3380.52237732048	0.294675469398499
3381.00446107354	0.294262707233429
3381.48654482659	0.293868035078049
3381.96862857965	0.293473571538925
3382.45071233271	0.293062895536423
3382.93279608577	0.292623460292816
3383.41487983883	0.29214882850647
3383.89696359188	0.291639387607574
3384.37904734494	0.291102260351181
3384.861131098	0.290548235177994
3385.34321485106	0.289990097284317
3385.82529860412	0.289438128471375
3386.30738235717	0.288897782564163
3386.78946611023	0.288369446992874
3387.27154986329	0.28785052895546
3387.75363361635	0.287339389324188
3388.23571736941	0.286838978528976
3388.71780112246	0.286358535289764
3389.19988487552	0.28591188788414
3389.68196862858	0.285512566566467
3390.16405238164	0.285168141126633
3390.6461361347	0.284875839948654
3391.12821988775	0.284622132778168
3391.61030364081	0.284386336803436
3392.09238739387	0.284147560596466
3392.57447114693	0.28389111161232
3393.05655489999	0.28361240029335
3393.53863865304	0.283316493034363
3394.0207224061	0.283013612031937
3394.50280615916	0.282713353633881
3394.98488991222	0.282420217990875
3395.46697366528	0.282133013010025
3395.94905741833	0.281847655773163
3396.43114117139	0.281562149524689
3396.91322492445	0.281280279159546
3397.39530867751	0.281012028455734
3397.87739243057	0.280770599842072
3398.35947618362	0.280567109584808
3398.84155993668	0.280406475067139
3399.32364368974	0.280285686254501
3399.8057274428	0.280196398496628
3400.28781119586	0.280129373073578
3400.76989494891	0.280079066753387
3401.25197870197	0.280045568943024
3401.73406245503	0.280033141374588
3402.21614620809	0.280045688152313
3402.69822996115	0.280082195997238
3403.1803137142	0.280134052038193
3403.66239746726	0.280186265707016
3404.14448122032	0.280221879482269
3404.62656497338	0.280227661132813
3405.10864872644	0.280198693275452
3405.59073247949	0.280139774084091
3406.07281623255	0.280063569545746
3406.55489998561	0.279987066984177
3407.03698373867	0.279927998781204
3407.51906749173	0.279902637004852
3408.00115124478	0.279925227165222
3408.48323499784	0.280007690191269
3408.9653187509	0.280158638954163
3409.44740250396	0.280381113290787
3409.92948625702	0.280669569969177
3410.41157001007	0.28100374341011
3410.89365376313	0.281362861394882
3411.37573751619	0.281716227531433
3411.85782126925	0.28203409910202
3412.33990502231	0.282296001911163
3412.82198877536	0.282496422529221
3413.30407252842	0.282646149396896
3413.78615628148	0.282767057418823
3414.26824003454	0.282884210348129
3414.7503237876	0.283017247915268
3415.23240754065	0.283175259828568
3415.71449129371	0.283356636762619
3416.19657504677	0.283553630113602
3416.67865879983	0.283758014440536
3417.16074255289	0.283965557813644
3417.64282630594	0.284176737070084
3418.124910059	0.284394234418869
3418.60699381206	0.284619063138962
3419.08907756512	0.284848362207413
3419.57116131818	0.285076141357422
3420.05324507123	0.285296827554703
3420.53532882429	0.285509645938873
3421.01741257735	0.285720854997635
3421.49949633041	0.285942316055298
3421.98158008347	0.286186933517456
3422.46366383652	0.286463171243668
3422.94574758958	0.28677174448967
3423.42783134264	0.287106335163116
3423.9099150957	0.287457764148712
3424.39199884876	0.287819623947144
3424.87408260181	0.288192063570023
3425.35616635487	0.288581609725952
3425.83825010793	0.288997054100037
3426.32033386099	0.289443165063858
3426.80241761405	0.289916008710861
3427.2845013671	0.290401607751846
3427.76658512016	0.290880501270294
3428.24866887322	0.291333079338074
3428.73075262628	0.291746705770493
3429.21283637933	0.292119055986404
3429.69492013239	0.292456865310669
3430.17700388545	0.292771697044373
3430.65908763851	0.293074697256088
3431.14117139157	0.293372929096222
3431.62325514463	0.293669044971466
3432.10533889768	0.293963432312012
3432.58742265074	0.294257640838623
3433.0695064038	0.294556558132172
3433.55159015686	0.294868409633636
3434.03367390992	0.295202821493149
3434.51575766297	0.295567899942398
3434.99784141603	0.295968025922775
3435.47992516909	0.296402782201767
3435.96200892215	0.296867221593857
3436.4440926752	0.297352433204651
3436.92617642826	0.297845989465714
3437.40826018132	0.29833248257637
3437.89034393438	0.298794776201248
3438.37242768744	0.299216657876968
3438.8545114405	0.299587100744247
3439.33659519355	0.299904763698578
3439.81867894661	0.300180554389954
3440.30076269967	0.300436526536942
3440.78284645273	0.300700783729553
3441.26493020578	0.300999671220779
3441.74701395884	0.301349759101868
3442.2290977119	0.301754057407379
3442.71118146496	0.30220165848732
3443.19326521802	0.302673846483231
3443.67534897107	0.303151905536652
3444.15743272413	0.303623497486115
3444.63951647719	0.30408501625061
3445.12160023025	0.304539442062378
3445.60368398331	0.30499204993248
3446.08576773636	0.305446356534958
3446.56785148942	0.305902570486069
3447.04993524248	0.306359052658081
3447.53201899554	0.30681574344635
3448.0141027486	0.30727681517601
3448.49618650165	0.307750731706619
3448.97827025471	0.308246642351151
3449.46035400777	0.308769166469574
3449.94243776083	0.309314101934433
3450.42452151389	0.309867888689041
3450.90660526695	0.310411363840103
3451.38868902	0.310926735401154
3451.87077277306	0.311404258012772
3452.35285652612	0.311845898628235
3452.83494027918	0.312264114618301
3453.31702403223	0.312676638364792
3453.79910778529	0.313099235296249
3454.28119153835	0.313540160655975
3454.76327529141	0.313997566699982
3455.24535904447	0.31446099281311
3455.72744279752	0.314915180206299
3456.20952655058	0.31534606218338
3456.69161030364	0.315744310617447
3457.1736940567	0.316109240055084
3457.65577780976	0.316449999809265
3458.13786156281	0.316785216331482
3458.61994531587	0.317140132188797
3459.10202906893	0.317541807889938
3459.58411282199	0.318012118339539
3460.06619657505	0.318560510873795
3460.5482803281	0.319178640842438
3461.03036408116	0.319839388132095
3461.51244783422	0.320501834154129
3461.99453158728	0.32112130522728
3462.47661534034	0.32166188955307
3462.95869909339	0.322106152772903
3463.44078284645	0.322458893060684
3463.92286659951	0.322742521762848
3464.40495035257	0.32298755645752
3464.88703410563	0.32322171330452
3465.36911785868	0.323462933301926
3465.85120161174	0.323718398809433
3466.3332853648	0.323988795280457
3466.81536911786	0.32427453994751
3467.29745287092	0.324580043554306
3467.77953662397	0.324913144111633
3468.26162037703	0.32528018951416
3468.74370413009	0.325679689645767
3469.22578788315	0.326098084449768
3469.70787163621	0.32651087641716
3470.18995538926	0.326889038085938
3470.67203914232	0.32720884680748
3471.15412289538	0.327458471059799
3471.63620664844	0.327641874551773
3472.1182904015	0.327775329351425
3472.60037415455	0.327880203723907
3473.08245790761	0.327975153923035
3473.56454166067	0.32807058095932
3474.04662541373	0.328167468309402
3474.52870916679	0.328259408473969
3475.01079291984	0.328336447477341
3475.4928766729	0.328387916088104
3475.97496042596	0.328404068946838
3476.45704417902	0.328376203775406
3476.93912793208	0.328297287225723
3477.42121168513	0.328162997961044
3477.90329543819	0.32797372341156
3478.38537919125	0.327735245227814
3478.86746294431	0.327457398176193
3479.34954669737	0.327150136232376
3479.83163045042	0.326818466186523
3480.31371420348	0.326459318399429
3480.79579795654	0.326062083244324
3481.2778817096	0.32561394572258
3481.75996546266	0.325108021497726
3482.24204921571	0.324550151824951
3482.72413296877	0.323960334062576
3483.20621672183	0.323367774486542
3483.68830047489	0.322800189256668
3484.17038422795	0.32227298617363
3484.652467981	0.32178258895874
3485.13455173406	0.321305274963379
3485.61663548712	0.320806294679642
3486.09871924018	0.320250391960144
3486.58080299324	0.31961327791214
3487.06288674629	0.318888634443283
3487.54497049935	0.318087846040726
3488.02705425241	0.317233890295029
3488.50913800547	0.31635257601738
3488.99122175853	0.315465122461319
3489.47330551158	0.314584732055664
3489.95538926464	0.313717305660248
3490.4374730177	0.312864243984222
3490.91955677076	0.31202507019043
3491.40164052382	0.311198145151138
3491.88372427687	0.310379564762115
3492.36580802993	0.309561401605606
3492.84789178299	0.30873167514801
3493.32997553605	0.307876229286194
3493.81205928911	0.306983083486557
3494.29414304216	0.306047350168228
3494.77622679522	0.305074512958527
3495.25831054828	0.304080814123154
3495.74039430134	0.303090244531631
3496.2224780544	0.302128940820694
3496.70456180745	0.301219165325165
3497.18664556051	0.300374686717987
3497.66872931357	0.2995984852314
3498.15081306663	0.298883765935898
3498.63289681969	0.298216372728348
3499.11498057274	0.297578990459442
3499.5970643258	0.296953231096268
3500.07914807886	0.296324878931046
3500.56123183192	0.295685082674026
3501.04331558498	0.295032411813736
3501.52539933803	0.294372975826263
3502.00748309109	0.293718606233597
3502.48956684415	0.293082922697067
3502.97165059721	0.292476266622543
3503.45373435027	0.291901230812073
3503.93581810332	0.29135075211525
3504.41790185638	0.290809869766235
3504.89998560944	0.290260791778564
3505.3820693625	0.28968870639801
3505.86415311556	0.289086729288101
3506.34623686861	0.288457959890366
3506.82832062167	0.287815183401108
3507.31040437473	0.287178814411163
3507.79248812779	0.286573618650436
3508.27457188085	0.286024630069733
3508.7566556339	0.285552233457565
3509.23873938696	0.285167634487152
3509.72082314002	0.284869611263275
3510.20290689308	0.284644246101379
3510.68499064614	0.284467697143555
3511.16707439919	0.28431111574173
3511.64915815225	0.284146696329117
3512.13124190531	0.283953279256821
3512.61332565837	0.283720582723618
3513.09540941143	0.283450961112976
3513.57749316448	0.283157467842102
3514.05957691754	0.282860547304153
3514.5416606706	0.282581925392151
3515.02374442366	0.28233927488327
3515.50582817672	0.282143265008926
3515.98791192977	0.281997233629227
3516.46999568283	0.281899511814117
3516.95207943589	0.281846135854721
3517.43416318895	0.281833052635193
3517.91624694201	0.28185623884201
3518.39833069506	0.281910121440887
3518.88041444812	0.281986057758331
3519.36249820118	0.282072067260742
3519.84458195424	0.282154500484467
3520.3266657073	0.28222131729126
3520.80874946035	0.282265365123749
3521.29083321341	0.282286077737808
3521.77291696647	0.282288640737534
3522.25500071953	0.282281428575516
3522.73708447259	0.28227224946022
3523.21916822564	0.282266080379486
3523.7012519787	0.282265305519104
3524.18333573176	0.282272279262543
3524.66541948482	0.282292425632477
3525.14750323788	0.282335340976715
3525.62958699093	0.282412618398666
3526.11167074399	0.282532632350922
3526.59375449705	0.282695442438126
3527.07583825011	0.282890111207962
3527.55792200317	0.28309690952301
3528.04000575622	0.28329461812973
3528.52208950928	0.283468216657639
3529.00417326234	0.283615380525589
3529.4862570154	0.283746480941772
3529.96834076846	0.283878564834595
3530.45042452151	0.284026801586151
3530.93250827457	0.284197151660919
3531.41459202763	0.284384876489639
3531.89667578069	0.28457897901535
3532.37875953375	0.284770578145981
3532.8608432868	0.284959882497787
3533.34292703986	0.2851582467556
3533.82501079292	0.285383433103561
3534.30709454598	0.285650044679642
3534.78917829904	0.285959750413895
3535.27126205209	0.286296397447586
3535.75334580515	0.286628663539886
3536.23542955821	0.286920845508575
3536.71751331127	0.287147134542465
3537.19959706433	0.287302583456039
3537.68168081738	0.287406146526337
3538.16376457044	0.287493646144867
3538.6458483235	0.287605345249176
3539.12793207656	0.287772208452225
3539.61001582962	0.288007140159607
3540.09209958267	0.288303166627884
3540.57418333573	0.288638204336166
3541.05626708879	0.288983702659607
3541.53835084185	0.289313226938248
3542.02043459491	0.289607971906662
3542.50251834796	0.289859503507614
3542.98460210102	0.290068536996841
3543.46668585408	0.290243834257126
3543.94876960714	0.290400415658951
3544.4308533602	0.290557384490967
3544.91293711325	0.290735214948654
3545.39502086631	0.290951579809189
3545.87710461937	0.291216790676117
3546.35918837243	0.291530221700668
3546.84127212549	0.291879862546921
3547.32335587854	0.292246520519257
3547.8054396316	0.292611241340637
3548.28752338466	0.292962402105331
3548.76960713772	0.293298780918121
3549.25169089078	0.293627709150314
3549.73377464383	0.293959558010101
3550.21585839689	0.294302403926849
3550.69794214995	0.294658899307251
3551.18002590301	0.295026570558548
3551.66210965607	0.295400440692902
3552.14419340912	0.295776009559631
3552.62627716218	0.296150892972946
3553.10836091524	0.296524673700333
3553.5904446683	0.2968969643116
3554.07252842136	0.297265529632568
3554.55461217441	0.297626197338104
3555.03669592747	0.297974765300751
3555.51877968053	0.298310786485672
3556.00086343359	0.298640847206116
3556.48294718665	0.29897928237915
3556.9650309397	0.299343764781952
3557.44711469276	0.299749284982681
3557.92919844582	0.300200879573822
3558.41128219888	0.300690323114395
3558.89336595194	0.301198095083237
3559.37544970499	0.301700323820114
3559.85753345805	0.302177876234055
3560.33961721111	0.302622616291046
3560.82170096417	0.303037971258163
3561.30378471723	0.303433388471603
3561.78586847028	0.303815990686417
3562.26795222334	0.304183691740036
3562.7500359764	0.304524064064026
3563.23211972946	0.304818958044052
3563.71420348252	0.305053561925888
3564.19628723557	0.305225938558578
3564.67837098863	0.305354565382004
3565.16045474169	0.305480748414993
3565.64253849475	0.305663794279099
3566.12462224781	0.30596598982811
3566.60670600086	0.306428164243698
3567.08878975392	0.307045787572861
3567.57087350698	0.307761698961258
3568.05295726004	0.308485507965088
3568.5350410131	0.309129863977432
3569.01712476615	0.309640675783157
3569.49920851921	0.31000617146492
3569.98129227227	0.310247749090195
3570.46337602533	0.310404062271118
3570.94545977839	0.310516923666
3571.42754353144	0.31062251329422
3571.9096272845	0.310746639966965
3572.39171103756	0.310902744531631
3572.87379479062	0.311091274023056
3573.35587854368	0.311300724744797
3573.83796229673	0.311510652303696
3574.32004604979	0.311696499586105
3574.80212980285	0.311835050582886
3575.28421355591	0.311909466981888
3575.76629730897	0.31191223859787
3576.24838106202	0.311845302581787
3576.73046481508	0.311717659235001
3577.21254856814	0.311541378498077
3577.6946323212	0.311327755451202
3578.17671607426	0.311083972454071
3578.65879982731	0.310811787843704
3579.14088358037	0.310507595539093
3579.62296733343	0.310163736343384
3580.10505108649	0.309771478176117
3580.58713483955	0.309323817491531
3581.0692185926	0.308818906545639
3581.55130234566	0.308262199163437
3582.03338609872	0.307666927576065
3582.51546985178	0.307051807641983
3582.99755360484	0.30643692612648
3583.47963735789	0.305838108062744
3583.96172111095	0.305262327194214
3584.44380486401	0.304705858230591
3584.92588861707	0.304156720638275
3585.40797237013	0.303599536418915
3585.89005612318	0.303026854991913
3586.37213987624	0.302443772554398
3586.8542236293	0.301866382360458
3587.33630738236	0.301309257745743
3587.81839113541	0.300769150257111
3588.30047488847	0.300218999385834
3588.78255864153	0.299619138240814
3589.26464239459	0.298937529325485
3589.74672614765	0.298163682222366
3590.22880990071	0.297309547662735
3590.71089365376	0.296401351690292
3591.19297740682	0.295470118522644
3591.67506115988	0.294545441865921
3592.15714491294	0.293652921915054
3592.639228666	0.292813897132874
3593.12131241905	0.292044937610626
3593.60339617211	0.291356205940247
3594.08547992517	0.290748924016953
3594.56756367823	0.290213227272034
3595.04964743128	0.289728611707687
3595.53173118434	0.289266675710678
3596.0138149374	0.28879714012146
3596.49589869046	0.288294672966003
3596.97798244352	0.287745356559753
3597.46006619658	0.287150144577026
3597.94214994963	0.286524653434753
3598.42423370269	0.285894840955734
3598.90631745575	0.285290062427521
3599.38840120881	0.284734040498734
3599.87048496186	0.284240037202835
3600.35256871492	0.28380674123764
3600.83465246798	0.28342068195343
3601.31673622104	0.283063352108002
3601.7988199741	0.282719641923904
3602.28090372715	0.282383769750595
3602.76298748021	0.282059073448181
3603.24507123327	0.281752854585648
3603.72715498633	0.281469076871872
3604.20923873939	0.281203269958496
3604.69132249245	0.280941396951675
3605.1734062455	0.280663579702377
3605.65548999856	0.280350565910339
3606.13757375162	0.279990762472153
3606.61965750468	0.279584944248199
3607.10174125773	0.279146194458008
3607.58382501079	0.278693675994873
3608.06590876385	0.278241395950317
3608.54799251691	0.27778834104538
3609.03007626997	0.277317494153976
3609.51216002302	0.276804953813553
3609.99424377608	0.276232481002808
3610.47632752914	0.275593936443329
3610.9584112822	0.274894416332245
3611.44049503526	0.27414682507515
3611.92257878831	0.273369401693344
3612.40466254137	0.272584587335587
3612.88674629443	0.271816313266754
3613.36883004749	0.271084904670715
3613.85091380055	0.270401656627655
3614.3329975536	0.269769281148911
3614.81508130666	0.269182950258255
3615.29716505972	0.268631219863892
3615.77924881278	0.268095284700394
3616.26133256584	0.267549127340317
3616.74341631889	0.266964226961136
3617.22550007195	0.266319274902344
3617.70758382501	0.265611827373505
3618.18966757807	0.264864504337311
3618.67175133113	0.264119923114777
3619.15383508418	0.263422757387161
3619.63591883724	0.262798696756363
3620.1180025903	0.262243062257767
3620.60008634336	0.261726409196854
3621.08217009642	0.26121124625206
3621.56425384947	0.260668396949768
3622.04633760253	0.260085850954056
3622.52842135559	0.259470582008362
3623.01050510865	0.258845627307892
3623.49258886171	0.258244782686234
3623.97467261476	0.257704585790634
3624.45675636782	0.257254362106323
3624.93884012088	0.256906360387802
3625.42092387394	0.25664821267128
3625.903007627	0.256440550088882
3626.38509138005	0.256221771240234
3626.86717513311	0.255924731492996
3627.34925888617	0.255508273839951
3627.83134263923	0.254992038011551
3628.31342639229	0.254462450742722
3628.79551014534	0.254017353057861
3629.2775938984	0.253682315349579
3629.75967765146	0.253392696380615
3630.24176140452	0.25306361913681
3630.72384515758	0.252659678459167
3631.20592891063	0.252201557159424
3631.68801266369	0.251733958721161
3632.17009641675	0.251297771930695
3632.65218016981	0.250919908285141
3633.13426392287	0.250614315271378
3633.61634767592	0.250384360551834
3634.09843142898	0.250223875045776
3634.58051518204	0.250118970870972
3635.0625989351	0.250052571296692
3635.54468268816	0.250009477138519
3636.02676644121	0.249978512525558
3636.50885019427	0.249951764941216
3636.99093394733	0.249923124909401
3637.47301770039	0.249887585639954
3637.95510145345	0.249841600656509
3638.4371852065	0.249783203005791
3638.91926895956	0.24971179664135
3639.40135271262	0.249627664685249
3639.88343646568	0.249531686306
3640.36552021874	0.249426007270813
3640.84760397179	0.249315664172173
3641.32968772485	0.249210610985756
3641.81177147791	0.249126151204109
3642.29385523097	0.249081939458847
3642.77593898403	0.249098747968674
3643.25802273708	0.249194249510765
3643.74010649014	0.249378979206085
3644.2221902432	0.249652847647667
3644.70427399626	0.25000274181366
3645.18635774932	0.250402510166168
3645.66844150237	0.250815719366074
3646.15052525543	0.251201450824738
3646.63260900849	0.251521497964859
3647.11469276155	0.251747012138367
3647.59677651461	0.251863569021225
3648.07886026766	0.251875817775726
3648.56094402072	0.25181183218956
3649.04302777378	0.251722931861877
3649.52511152684	0.251671463251114
3650.0071952799	0.251704573631287
3650.48927903295	0.251828640699387
3650.97136278601	0.252008110284805
3651.45344653907	0.252193331718445
3651.93553029213	0.25235441327095
3652.41761404519	0.252493888139725
3652.89969779824	0.252634286880493
3653.3817815513	0.252795487642288
3653.86386530436	0.252978205680847
3654.34594905742	0.253160417079926
3654.82803281048	0.253305912017822
3655.31011656353	0.253378182649612
3655.79220031659	0.253352791070938
3656.27428406965	0.253223925828934
3656.75636782271	0.25300857424736
3657.23845157577	0.252745807170868
3657.72053532882	0.252491384744644
3658.20261908188	0.252301692962646
3658.68470283494	0.252215296030045
3659.166786588	0.252240777015686
3659.64887034106	0.252356916666031
3660.13095409411	0.2525235414505
3660.61303784717	0.252698600292206
3661.09512160023	0.252853274345398
3661.57720535329	0.252979636192322
3662.05928910635	0.253087103366852
3662.5413728594	0.25319167971611
3663.02345661246	0.253303617238998
3663.50554036552	0.253421425819397
3663.98762411858	0.253534704446793
3664.46970787164	0.25363364815712
3664.95179162469	0.253719478845596
3665.43387537775	0.253808617591858
3665.91595913081	0.253927826881409
3666.39804288387	0.254102200269699
3666.88012663693	0.254341125488281
3667.36221038998	0.254629969596863
3667.84429414304	0.254932254552841
3668.3263778961	0.25520533323288
3668.80846164916	0.255422949790955
3669.29054540222	0.25558990240097
3669.77262915527	0.255731493234634
3670.25471290833	0.255862772464752
3670.73679666139	0.255971163511276
3671.21888041445	0.256035417318344
3671.70096416751	0.256050914525986
3672.18304792056	0.256033658981323
3672.66513167362	0.255999773740768
3673.14721542668	0.255948424339294
3673.62929917974	0.255868703126907
3674.1113829328	0.255769312381744
3674.59346668585	0.255704134702682
3675.07555043891	0.255746722221375
3675.55763419197	0.255908280611038
3676.03971794503	0.256091237068176
3676.52180169809	0.256161570549011
3677.00388545114	0.25606045126915
3677.4859692042	0.255830973386765
3677.96805295726	0.255565047264099
3678.45013671032	0.255342602729797
3678.93222046338	0.255199730396271
3679.41430421643	0.255124479532242
3679.89638796949	0.255071550607681
3680.37847172255	0.254988253116608
3680.86055547561	0.254841595888138
3681.34263922867	0.254633456468582
3681.82472298172	0.254397332668304
3682.30680673478	0.254180818796158
3682.78889048784	0.25402444601059
3683.2709742409	0.253945291042328
3683.75305799396	0.25393208861351
3684.23514174701	0.253952175378799
3684.71722550007	0.253966152667999
3685.19930925313	0.253939479589462
3685.68139300619	0.253850162029266
3686.16347675925	0.253689110279083
3686.6455605123	0.253462165594101
3687.12764426536	0.253193885087967
3687.60972801842	0.252927273511887
3688.09181177148	0.252711474895477
3688.57389552454	0.252580583095551
3689.05597927759	0.252538442611694
3689.53806303065	0.252561628818512
3690.02014678371	0.252615183591843
3690.50223053677	0.252664119005203
3690.98431428983	0.252675414085388
3691.46639804288	0.252615928649902
3691.94848179594	0.252456188201904
3692.430565549	0.252180248498917
3692.91264930206	0.251795619726181
3693.39473305512	0.251335382461548
3693.87681680817	0.250850677490234
3694.35890056123	0.250397324562073
3694.84098431429	0.250021606683731
3695.32306806735	0.249749377369881
3695.80515182041	0.249580085277557
3696.28723557346	0.249487951397896
3696.76931932652	0.249431312084198
3697.25140307958	0.249367207288742
3697.73348683264	0.249264255166054
3698.2155705857	0.249107792973518
3698.69765433875	0.248896732926369
3699.17973809181	0.248637109994888
3699.66182184487	0.248335987329483
3700.14390559793	0.248001828789711
3700.62598935099	0.24764396250248
3701.10807310404	0.247272133827209
3701.5901568571	0.246893808245659
3702.07224061016	0.246511548757553
3702.55432436322	0.246124118566513
3703.03640811628	0.245731145143509
3703.51849186933	0.245337963104248
3704.00057562239	0.244956761598587
3704.48265937545	0.24460357427597
3704.96474312851	0.244293317198753
3705.44682688157	0.244034618139267
3705.92891063462	0.243826135993004
3706.41099438768	0.243654996156693
3706.89307814074	0.243497848510742
3707.3751618938	0.243324786424637
3707.85724564686	0.243105754256248
3708.33932939991	0.242817834019661
3708.82141315297	0.24245198071003
3709.30349690603	0.242016777396202
3709.78558065909	0.241538137197495
3710.26766441215	0.241053238511086
3710.7497481652	0.240598559379578
3711.23183191826	0.240193888545036
3711.71391567132	0.239830166101456
3712.19599942438	0.23947112262249
3712.67808317744	0.23907171189785
3713.16016693049	0.23860239982605
3713.64225068355	0.238063260912895
3714.12433443661	0.237479671835899
3714.60641818967	0.236888229846954
3715.08850194273	0.236321195960045
3715.57058569578	0.235797807574272
3716.05266944884	0.235323041677475
3716.5347532019	0.234891220927238
3717.01683695496	0.234491035342216
3717.49892070802	0.234109416604042
3717.98100446107	0.233733355998993
3718.46308821413	0.233350440859795
3718.94517196719	0.232949465513229
3719.42725572025	0.232521906495094
3719.90933947331	0.232064366340637
3720.39142322636	0.231581211090088
3720.87350697942	0.231085613369942
3721.35559073248	0.230597257614136
3721.83767448554	0.230136498808861
3722.3197582386	0.229716613888741
3722.80184199165	0.229338526725769
3723.28392574471	0.228991121053696
3723.76600949777	0.228656932711601
3724.24809325083	0.228320002555847
3724.73017700389	0.227973088622093
3725.21226075694	0.227621242403984
3725.69434451	0.227280467748642
3726.17642826306	0.226970300078392
3726.65851201612	0.226703822612762
3727.14059576918	0.226482152938843
3727.62267952223	0.22629801928997
3728.10476327529	0.226143658161163
3728.58684702835	0.226016327738762
3729.06893078141	0.225915685296059
3729.55101453447	0.225838676095009
3730.03309828752	0.225776955485344
3730.51518204058	0.22571924328804
3730.99726579364	0.225655138492584
3731.4793495467	0.225575909018517
3731.96143329976	0.225471496582031
3732.44351705281	0.225328490138054
3732.92560080587	0.225134387612343
3733.40768455893	0.224886566400528
3733.88976831199	0.224600955843925
3734.37185206505	0.224315479397774
3734.8539358181	0.224082738161087
3735.33601957116	0.223945915699005
3735.81810332422	0.223905101418495
3736.30018707728	0.223903462290764
3736.78227083034	0.223856404423714
3737.26435458339	0.22370420396328
3737.74643833645	0.223444119095802
3738.22852208951	0.223125219345093
3738.71060584257	0.222822055220604
3739.19268959563	0.222607240080833
3739.67477334868	0.222531676292419
3740.15685710174	0.222614273428917
3740.6389408548	0.222840324044228
3741.12102460786	0.223165690898895
3741.60310836092	0.223522901535034
3742.08519211397	0.223832473158836
3742.56727586703	0.224027141928673
3743.04935962009	0.224102482199669
3743.53144337315	0.224152520298958
3744.01352712621	0.224326252937317
3744.49561087926	0.22468763589859
3744.97769463232	0.225133463740349
3745.45977838538	0.225498467683792
3745.94186213844	0.225710496306419
3746.42394589149	0.225817322731018
3746.90602964455	0.225911438465118
3747.38811339761	0.226058810949326
3747.87019715067	0.226273059844971
3748.35228090373	0.226523622870445
3748.83436465679	0.22675846517086
3749.31644840984	0.226930290460587
3749.7985321629	0.227021440863609
3750.28061591596	0.227060005068779
3750.76269966902	0.227115228772163
3751.24478342208	0.227266058325768
3751.72686717513	0.227554932236671
3752.20895092819	0.22795532643795
3752.69103468125	0.228379607200623
3753.17311843431	0.228726580739021
3753.65520218736	0.228934809565544
3754.13728594042	0.229006573557854
3754.61936969348	0.228995278477669
3755.10145344654	0.228974685072899
3755.5835371996	0.229009822010994
3756.06562095266	0.229138776659966
3756.54770470571	0.229366898536682
3757.02978845877	0.229673638939857
3757.51187221183	0.230029970407486
3757.99395596489	0.230419903993607
3758.47603971794	0.230853721499443
3758.958123471	0.231362298130989
3759.44020722406	0.231972381472588
3759.92229097712	0.232675641775131
3760.40437473018	0.233413606882095
3760.88645848323	0.23409429192543
3761.36854223629	0.234632685780525
3761.85062598935	0.234987065196037
3762.33270974241	0.235169515013695
3762.81479349547	0.235233098268509
3763.29687724853	0.235251516103745
3763.77896100158	0.235302269458771
3764.26104475464	0.235451877117157
3764.7431285077	0.235739544034004
3765.22521226076	0.23616424202919
3765.70729601381	0.236687645316124
3766.18937976687	0.237255528569221
3766.67146351993	0.237821906805038
3767.15354727299	0.238359749317169
3767.63563102605	0.238857805728912
3768.1177147791	0.239314332604408
3768.59979853216	0.239735394716263
3769.08188228522	0.240135446190834
3769.56396603828	0.240534171462059
3770.04604979134	0.240947976708412
3770.52813354439	0.241381391882896
3771.01021729745	0.241827070713043
3771.49230105051	0.242267295718193
3771.97438480357	0.2426817715168
3772.45646855663	0.243053048849106
3772.93855230968	0.243372589349747
3773.42063606274	0.243645772337914
3773.9027198158	0.243892729282379
3774.38480356886	0.244141951203346
3774.86688732192	0.244418233633041
3775.34897107497	0.244729921221733
3775.83105482803	0.245062738656998
3776.31313858109	0.245384067296982
3776.79522233415	0.245656296610832
3777.27730608721	0.245853677392006
3777.75938984026	0.245975881814957
3778.24147359332	0.246051505208015
3778.72355734638	0.246126756072044
3779.20564109944	0.246240973472595
3779.6877248525	0.246402397751808
3780.16980860555	0.246582627296448
3780.65189235861	0.246735721826553
3781.13397611167	0.246826261281967
3781.61605986473	0.246846109628677
3782.09814361779	0.246813297271729
3782.58022737084	0.246760562062263
3783.0623111239	0.246722728013992
3783.54439487696	0.246726781129837
3784.02647863002	0.246785268187523
3784.50856238308	0.246894210577011
3784.99064613613	0.247036710381508
3785.47272988919	0.247191548347473
3785.95481364225	0.247338801622391
3786.43689739531	0.247461825609207
3786.91898114837	0.24754387140274
3787.40106490142	0.247565746307373
3787.88314865448	0.247508227825165
3788.36523240754	0.247360050678253
3788.8473161606	0.247126936912537
3789.32939991366	0.246836557984352
3789.81148366671	0.246535062789917
3790.29356741977	0.24627573788166
3790.77565117283	0.246103256940842
3791.25773492589	0.246039181947708
3791.73981867895	0.246074467897415
3792.221902432	0.246172562241554
3792.70398618506	0.246281236410141
3793.18606993812	0.2463468760252
3793.66815369118	0.246325477957726
3794.15023744424	0.246189430356026
3794.63232119729	0.245932683348656
3795.11440495035	0.245574817061424
3795.59648870341	0.245159521698952
3796.07857245647	0.244742840528488
3796.56065620953	0.244373664259911
3797.04273996258	0.244078651070595
3797.52482371564	0.243858635425568
3798.0069074687	0.243692398071289
3798.48899122176	0.243540748953819
3798.97107497482	0.24335241317749
3799.45315872787	0.243080615997314
3799.93524248093	0.242711842060089
3800.41732623399	0.242299288511276
3800.89940998705	0.241957426071167
3801.38149374011	0.241799727082253
3801.86357749316	0.241854026913643
3802.34566124622	0.242041632533073
3802.82774499928	0.242241576313972
3803.30982875234	0.242364376783371
3803.7919125054	0.242372646927834
3804.27399625845	0.242260932922363
3804.75608001151	0.242035001516342
3805.23816376457	0.241710364818573
3805.72024751763	0.241323336958885
3806.20233127069	0.240931674838066
3806.68441502374	0.240587800741196
3807.1664987768	0.240300446748734
3807.64858252986	0.240027636289597
3808.13066628292	0.23971451818943
3808.61275003598	0.239336907863617
3809.09483378903	0.238912686705589
3809.57691754209	0.238484218716621
3810.05900129515	0.238094642758369
3810.54108504821	0.237771794199944
3811.02316880127	0.23752199113369
3811.50525255432	0.237332105636597
3811.98733630738	0.237178087234497
3812.46942006044	0.237034901976585
3812.9515038135	0.236882701516151
3813.43358756656	0.236709043383598
3813.91567131961	0.23651285469532
3814.39775507267	0.23631052672863
3814.87983882573	0.236141428351402
3815.36192257879	0.236047700047493
3815.84400633185	0.23603630065918
3816.3260900849	0.23605714738369
3816.80817383796	0.236031144857407
3817.29025759102	0.235902026295662
3817.77234134408	0.235658720135689
3818.25442509714	0.235317125916481
3818.73650885019	0.234893783926964
3819.21859260325	0.234400853514671
3819.70067635631	0.233866363763809
3820.18276010937	0.23335674405098
3820.66484386243	0.232963934540749
3821.14692761548	0.232743099331856
3821.62901136854	0.232655629515648
3822.1110951216	0.232590600848198
3822.59317887466	0.232446745038033
3823.07526262772	0.232186943292618
3823.55734638077	0.231831714510918
3824.03943013383	0.231425598263741
3824.52151388689	0.231012850999832
3825.00359763995	0.230629742145538
3825.48568139301	0.230304047465324
3825.96776514606	0.230051413178444
3826.44984889912	0.229868397116661
3826.93193265218	0.229730665683746
3827.41401640524	0.229602739214897
3827.8961001583	0.229454040527344
3828.37818391135	0.229268625378609
3828.86026766441	0.229046449065208
3829.34235141747	0.228797376155853
3829.82443517053	0.228536009788513
3830.30651892359	0.228278934955597
3830.78860267664	0.22804282605648
3831.2706864297	0.227841928601265
3831.75277018276	0.227685302495956
3832.23485393582	0.227575689554214
3832.71693768888	0.22750985622406
3833.19902144193	0.227479383349419
3833.68110519499	0.227469980716705
3834.16318894805	0.227460086345673
3834.64527270111	0.22742086648941
3835.12735645417	0.227319180965424
3835.60944020722	0.227124512195587
3836.09152396028	0.226818755269051
3836.57360771334	0.22640572488308
3837.0556914664	0.225915372371674
3837.53777521946	0.225397527217865
3838.01985897251	0.224905893206596
3838.50194272557	0.224480763077736
3838.98402647863	0.22414043545723
3839.46611023169	0.223883166909218
3839.94819398475	0.223694324493408
3840.4302777378	0.22355218231678
3840.91236149086	0.223431512713432
3841.39444524392	0.223307430744171
3841.87652899698	0.223161056637764
3842.35861275004	0.222985938191414
3842.84069650309	0.222790852189064
3843.32278025615	0.222595989704132
3843.80486400921	0.222421899437904
3844.28694776227	0.222276493906975
3844.76903151533	0.222147673368454
3845.25111526838	0.22200670838356
3845.73319902144	0.221821129322052
3846.2152827745	0.22157110273838
3846.69736652756	0.221261769533157
3847.17945028062	0.220927238464355
3847.66153403367	0.220624133944511
3848.14361778673	0.220416396856308
3848.62570153979	0.220355242490768
3849.10778529285	0.220460966229439
3849.58986904591	0.220713213086128
3850.07195279896	0.221053093671799
3850.55403655202	0.221395701169968
3851.03612030508	0.221652865409851
3851.51820405814	0.221768409013748
3852.0002878112	0.221763893961906
3852.48237156425	0.221763923764229
3852.96445531731	0.221935719251633
3853.44653907037	0.222329467535019
3853.92862282343	0.222776368260384
3854.41070657649	0.22301110625267
3854.89279032954	0.222892180085182
3855.3748740826	0.222477614879608
3855.85695783566	0.221942350268364
3856.33904158872	0.221466764807701
3856.82112534178	0.221170291304588
3857.30320909483	0.221090987324715
3857.78529284789	0.221197426319122
3858.26737660095	0.221416547894478
3858.74946035401	0.22166933119297
3859.23154410707	0.221900448203087
3859.71362786012	0.22209221124649
3860.19571161318	0.222259610891342
3860.67779536624	0.222430720925331
3861.1598791193	0.22262316942215
3861.64196287236	0.222829312086105
3862.12404662541	0.223019316792488
3862.60613037847	0.223161697387695
3863.08821413153	0.223249852657318
3863.57029788459	0.22331827878952
3864.05238163765	0.223434522747993
3864.5344653907	0.223665058612823
3865.01654914376	0.224034085869789
3865.49863289682	0.224506855010986
3865.98071664988	0.22501178085804
3866.46280040294	0.225479438900948
3866.94488415599	0.225867450237274
3867.42696790905	0.226163849234581
3867.90905166211	0.226383894681931
3868.39113541517	0.226571261882782
3868.87321916823	0.226793631911278
3869.35530292128	0.227112114429474
3869.83738667434	0.227530509233475
3870.3194704274	0.22797766327858
3870.80155418046	0.228357419371605
3871.28363793352	0.22862084209919
3871.76572168657	0.228787302970886
3872.24780543963	0.228919759392738
3872.72988919269	0.229087814688683
3873.21197294575	0.229344546794891
3873.69405669881	0.229714810848236
3874.17614045186	0.230188935995102
3874.65822420492	0.230726987123489
3875.14030795798	0.231278494000435
3875.62239171104	0.231806457042694
3876.1044754641	0.232295602560043
3876.58655921715	0.232740893959999
3877.06864297021	0.233130738139153
3877.55072672327	0.233441576361656
3878.03281047633	0.233650252223015
3878.51489422939	0.233758717775345
3878.99697798244	0.233816742897034
3879.4790617355	0.233922764658928
3879.96114548856	0.234189867973328
3880.44322924162	0.234688222408295
3880.92531299468	0.235402777791023
3881.40739674773	0.236240416765213
3881.88948050079	0.237078830599785
3882.37156425385	0.237817600369453
3882.85364800691	0.238402545452118
3883.33573175997	0.238826632499695
3883.81781551302	0.239124283194542
3884.29989926608	0.239367336034775
3884.78198301914	0.239651843905449
3885.2640667722	0.24006088078022
3885.74615052526	0.240618050098419
3886.22823427831	0.241267621517181
3886.71031803137	0.241916000843048
3887.19240178443	0.242489829659462
3887.67448553749	0.242960557341576
3888.15656929055	0.243329524993896
3888.6386530436	0.243603587150574
3889.12073679666	0.243785127997398
3889.60282054972	0.243880167603493
3890.08490430278	0.243912875652313
3890.56698805584	0.24393005669117
3891.04907180889	0.243986278772354
3891.53115556195	0.244117647409439
3892.01323931501	0.244324177503586
3892.49532306807	0.24457423388958
3892.97740682113	0.244824558496475
3893.45949057418	0.245040744543076
3893.94157432724	0.245207637548447
3894.4236580803	0.245328828692436
3894.90574183336	0.245418906211853
3895.38782558642	0.24549326300621
3895.86990933947	0.245559617877007
3896.35199309253	0.245614930987358
3896.83407684559	0.245649054646492
3897.31616059865	0.24565377831459
3897.79824435171	0.245632648468018
3898.28032810476	0.245605409145355
3898.76241185782	0.245601952075958
3899.24449561088	0.245646938681602
3899.72657936394	0.24574302136898
3900.208663117	0.245864942669868
3900.69074687005	0.245968341827393
3901.17283062311	0.246010348200798
3901.65491437617	0.245969220995903
3902.13699812923	0.24585397541523
3902.61908188229	0.245700344443321
3903.10116563534	0.24555416405201
3903.5832493884	0.245448186993599
3904.06533314146	0.245383620262146
3904.54741689452	0.245328843593597
3905.02950064758	0.245238229632378
3905.51158440063	0.245078891515732
3905.99366815369	0.244847238063812
3906.47575190675	0.244566589593887
3906.95783565981	0.244270980358124
3907.43991941287	0.243986457586288
3907.92200316592	0.243719294667244
3908.40408691898	0.243455201387405
3908.88617067204	0.243168562650681
3909.3682544251	0.242836758494377
3909.85033817816	0.2424526065588
3910.33242193121	0.242028951644897
3910.81450568427	0.241593226790428
3911.29658943733	0.241174876689911
3911.77867319039	0.240791812539101
3912.26075694344	0.240443035960197
3912.7428406965	0.240111008286476
3913.22492444956	0.239771634340286
3913.70700820262	0.23940634727478
3914.18909195568	0.239008486270905
3914.67117570874	0.238586202263832
3915.15325946179	0.238156139850616
3915.63534321485	0.237734690308571
3916.11742696791	0.237328454852104
3916.59951072097	0.236929088830948
3917.08159447402	0.236516550183296
3917.56367822708	0.236070036888123
3918.04576198014	0.235580012202263
3918.5278457332	0.23505374789238
3919.00992948626	0.234511062502861
3919.49201323931	0.233974024653435
3919.97409699237	0.233455970883369
3920.45618074543	0.232956647872925
3920.93826449849	0.232465401291847
3921.42034825155	0.231970444321632
3921.90243200461	0.231468856334686
3922.38451575766	0.230972617864609
3922.86659951072	0.230508401989937
3923.34868326378	0.230110675096512
3923.83076701684	0.229809314012527
3924.31285076989	0.229615479707718
3924.79493452295	0.229512602090836
3925.27701827601	0.229459196329117
3925.75910202907	0.229403525590897
3926.24118578213	0.229302033782005
3926.72326953518	0.229131400585175
3927.20535328824	0.22889007627964
3927.6874370413	0.228591918945313
3928.16952079436	0.228257387876511
3928.65160454742	0.22790452837944
3929.13368830047	0.227545753121376
3929.61577205353	0.22718620300293
3930.09785580659	0.226826697587967
3930.57993955965	0.226468816399574
3931.06202331271	0.226119190454483
3931.54410706576	0.225791051983833
3932.02619081882	0.225501090288162
3932.50827457188	0.225262925028801
3932.99035832494	0.225080505013466
3933.472442078	0.224945157766342
3933.95452583105	0.22483766078949
3934.43660958411	0.224733799695969
3934.91869333717	0.224610805511475
3935.40077709023	0.224453032016754
3935.88286084329	0.224255919456482
3936.36494459634	0.224027693271637
3936.8470283494	0.223787680268288
3937.32911210246	0.22356079518795
3937.81119585552	0.223369464278221
3938.29327960858	0.223226055502892
3938.77536336163	0.223128899931908
3939.25744711469	0.223063632845879
3939.73953086775	0.223009020090103
3940.22161462081	0.222945407032967
3940.70369837387	0.222862526774406
3941.18578212692	0.222764268517494
3941.66786587998	0.222667872905731
3942.14994963304	0.222597047686577
3942.6320333861	0.222571328282356
3943.11411713916	0.22259783744812
3943.59620089221	0.222668647766113
3944.07828464527	0.22276645898819
3944.56036839833	0.222873046994209
3945.04245215139	0.22297577559948
3945.52453590445	0.223069593310356
3946.0066196575	0.223154798150063
3946.48870341056	0.22323302924633
3946.97078716362	0.223303273320198
3947.45287091668	0.223359704017639
3947.93495466974	0.22339241206646
3948.41703842279	0.223391145467758
3948.89912217585	0.223350986838341
3949.38120592891	0.223277449607849
3949.86328968197	0.223188355565071
3950.34537343503	0.223111137747765
3950.82745718808	0.223076418042183
3951.30954094114	0.223109751939774
3951.7916246942	0.22322404384613
3952.27370844726	0.223415166139603
3952.75579220032	0.223661676049232
3953.23787595337	0.223928838968277
3953.71995970643	0.224175676703453
3954.20204345949	0.224363580346107
3954.68412721255	0.224464297294617
3955.16621096561	0.224465608596802
3955.64829471866	0.224373310804367
3956.13037847172	0.22420908510685
3956.61246222478	0.224005073308945
3957.09454597784	0.22379669547081
3957.5766297309	0.223615944385529
3958.05871348395	0.223486334085464
3958.54079723701	0.223420545458794
3959.02288099007	0.223420098423958
3959.50496474313	0.223476707935333
3959.98704849619	0.223574176430702
3960.46913224924	0.22369097173214
3960.9512160023	0.223803341388702
3961.43329975536	0.223889097571373
3961.91538350842	0.223932161927223
3962.39746726148	0.223926484584808
3962.87955101453	0.223878011107445
3963.36163476759	0.223803550004959
3963.84371852065	0.223726153373718
3964.32580227371	0.223667919635773
3964.80788602677	0.223644077777863
3965.28996977982	0.223658859729767
3965.77205353288	0.223706156015396
3966.25413728594	0.223774254322052
3966.736221039	0.223852694034576
3967.21830479206	0.223938018083572
3967.70038854511	0.22403559088707
3968.18247229817	0.224156230688095
3968.66455605123	0.224308907985687
3969.14663980429	0.22449292242527
3969.62872355735	0.224693611264229
3970.1108073104	0.224883943796158
3970.59289106346	0.225032433867455
3971.07497481652	0.225114300847054
3971.55705856958	0.225121349096298
3972.03914232264	0.225066646933556
3972.52122607569	0.224981606006622
3973.00330982875	0.22490668296814
3973.48539358181	0.224878996610641
3973.96747733487	0.224921330809593
3974.44956108793	0.225036531686783
3974.93164484098	0.225208982825279
3975.41372859404	0.225412428379059
3975.8958123471	0.225620582699776
3976.37789610016	0.225816443562508
3976.85997985322	0.225997030735016
3977.34206360627	0.22617207467556
3977.82414735933	0.226357594132423
3978.30623111239	0.226567178964615
3978.78831486545	0.226804003119469
3979.27039861851	0.227056622505188
3979.75248237156	0.227300122380257
3980.23456612462	0.227502405643463
3980.71664987768	0.227634117007256
3981.19873363074	0.22767861187458
3981.6808173838	0.227639377117157
3982.16290113685	0.227541372179985
3982.64498488991	0.227425903081894
3983.12706864297	0.227340221405029
3983.60915239603	0.227325588464737
3984.09123614909	0.227407410740852
3984.57331990214	0.227590829133987
3985.0554036552	0.227862432599068
3985.53748740826	0.228197067975998
3986.01957116132	0.228566572070122
3986.50165491438	0.228947311639786
3986.98373866743	0.22932380437851
3987.46582242049	0.229688316583633
3987.94790617355	0.230037495493889
3988.42998992661	0.230369240045547
3988.91207367967	0.230681791901588
3989.39415743272	0.230975449085236
3989.87624118578	0.231255635619164
3990.35832493884	0.231534734368324
3990.8404086919	0.231830328702927
3991.32249244496	0.232159838080406
3991.80457619801	0.232532978057861
3992.28665995107	0.23294585943222
3992.76874370413	0.233378872275352
3993.25082745719	0.233802616596222
3993.73291121025	0.23418453335762
3994.2149949633	0.234501242637634
3994.69707871636	0.234746560454369
3995.17916246942	0.234934136271477
3995.66124622248	0.23509356379509
3996.14332997554	0.235261470079422
3996.62541372859	0.235471293330193
3997.10749748165	0.235744789242744
3997.58958123471	0.236087828874588
3998.07166498777	0.236490413546562
3998.55374874083	0.236930400133133
3999.03583249388	0.237379044294357
3999.51791624694	0.237807109951973
4000	0.237864255905151
